1,0,0
2,0,3000
3,0,7000
4,0,11000
5,0,15000
6,0,19000
7,0,23000
8,0,27000
9,0,31000
10,0,33000
11,0,37000
12,0,41000
13,0,45000
14,0,49000
15,0,53000
16,0,65000
17,0,69000
18,0,73000
19,0,77000
20,0,81000
21,0,85000
22,0,100000
23,0,104000
24,0,108000
25,0,112000
26,0,116000
27,0,120000
28,0,124000
29,0,128000
30,0,133000
31,0,137000
32,0,141000
33,0,145000
34,0,149000
35,0,153000
36,0,165000
37,0,169000
38,0,173000
39,0,177000
40,0,181000
41,0,185000
42,0,189000
43,0,201000
44,0,205000
45,0,209000
46,0,213000
47,0,217000
48,0,221000
49,0,225000
50,0,229000
51,0,233000
52,0,237000
53,0,238000
54,0,239000
55,0,242000
56,0,246000
57,0,250000
58,0,265000
59,0,269000
60,0,273000
61,0,277000
62,0,281000
63,0,285000
64,0,301000
65,1,305000
66,1,309000
67,1,313000
68,1,317000
69,1,321000
70,1,325000
71,0,335000
72,0,339000
73,0,343000
74,0,347000
75,0,351000
76,0,355000
77,0,368000
78,0,372000
79,0,376000
80,0,380000
81,0,384000
82,0,388000
83,0,400000
84,0,404000
85,0,408000
86,0,412000
87,0,416000
88,0,420000
89,0,424000
90,0,428000
91,0,432000
92,0,433000
93,0,437000
94,0,441000
95,0,445000
96,0,449000
97,0,466000
98,0,470000
99,0,474000
100,0,478000
101,0,482000
102,0,486000
103,0,501000
104,0,505000
105,0,509000
106,0,513000
107,0,517000
108,0,521000
109,0,525000
110,0,534000
111,0,538000
112,0,542000
113,0,546000
114,0,550000
115,0,554000
116,0,567000
117,0,571000
118,0,575000
119,0,579000
120,0,583000
121,0,587000
122,0,591000
123,0,602000
124,0,606000
125,0,610000
126,0,614000
127,0,618000
128,0,622000
129,0,626000
130,0,630000
131,0,633000
132,0,637000
133,0,641000
134,0,645000
135,0,649000
136,0,653000
137,0,667000
138,0,671000
139,0,675000
140,0,679000
141,0,683000
142,0,687000
143,0,700000
144,0,704000
145,0,708000
146,0,712000
147,0,716000
148,0,720000
149,0,724000
150,0,728000
151,0,733000
152,0,737000
153,0,741000
154,0,745000
155,0,749000
156,0,753000
157,0,757000
158,0,761000
159,0,765000
160,0,768000
161,0,772000
162,0,776000
163,0,780000
164,0,784000
165,0,788000
166,0,792000
167,1,796000
168,1,800000
169,1,804000
170,0,808000
171,0,812000
172,0,816000
173,0,820000
174,0,824000
175,0,828000
176,0,832000
177,0,836000
178,0,840000
179,0,844000
180,0,848000
181,0,852000
182,0,856000
183,0,860000
184,0,864000
185,0,868000
186,0,872000
187,0,876000
188,0,880000
189,0,884000
190,0,888000
191,0,892000
192,0,896000
193,0,900000
194,0,904000
195,0,908000
196,0,912000
197,0,916000
198,0,920000
199,0,924000
200,0,928000
201,0,932000
202,0,936000
203,0,940000
204,0,944000
205,0,948000
206,0,952000
207,0,956000
208,0,960000
209,0,964000
210,0,968000
211,0,972000
212,0,976000
213,0,980000
214,0,984000
215,0,988000
216,0,992000
217,0,996000
218,0,1000000
219,0,1004000
220,0,1008000
221,0,1012000
222,0,1016000
223,0,1020000
224,0,1024000
225,0,1028000
226,0,1032000
227,0,1036000
228,0,1040000
229,0,1044000
230,0,1048000
231,0,1052000
232,0,1056000
233,1,1060000
234,1,1064000
235,1,1068000
236,0,1072000
237,0,1076000
238,0,1080000
239,0,1084000
240,0,1088000
241,0,1092000
242,0,1096000
243,0,1100000
244,0,1104000
245,0,1108000
246,0,1112000
247,0,1116000
248,0,1120000
249,0,1124000
250,0,1128000
251,0,1132000
252,0,1136000
253,0,1140000
254,0,1144000
255,0,1148000
256,0,1152000
257,0,1156000
258,0,1160000
259,0,1164000
260,0,1168000
261,0,1172000
262,0,1176000
263,0,1180000
264,0,1184000
265,0,1188000
266,0,1192000
267,0,1196000
268,0,1200000
269,0,1204000
270,0,1208000
271,0,1212000
272,0,1216000
273,0,1220000
274,0,1224000
275,0,1228000
276,0,1232000
277,0,1236000
278,0,1240000
279,0,1244000
280,0,1248000
281,0,1252000
282,0,1256000
283,0,1260000
284,0,1264000
285,0,1268000
286,0,1272000
287,0,1276000
288,0,1280000
289,0,1284000
290,0,1288000
291,0,1292000
292,0,1296000
293,0,1300000
294,0,1304000
295,0,1308000
296,0,1312000
297,0,1316000
298,0,1320000
299,0,1324000
300,0,1328000
301,0,1332000
302,0,1336000
303,0,1340000
304,0,1344000
305,0,1348000
306,0,1352000
307,0,1356000
308,0,1360000
309,0,1364000
310,0,1369000
311,0,1373000
312,0,1377000
313,0,1381000
314,0,1385000
315,0,1389000
316,0,1393000
317,0,1397000
318,0,1400000
319,0,1404000
320,0,1408000
321,0,1412000
322,0,1416000
323,0,1420000
324,0,1424000
325,0,1428000
326,0,1432000
327,0,1436000
328,0,1440000
329,0,1444000
330,0,1448000
331,0,1452000
332,0,1456000
333,0,1460000
334,0,1464000
335,0,1469000
336,0,1473000
337,0,1477000
338,0,1481000
339,0,1485000
340,0,1489000
341,0,1493000
342,0,1497000
343,0,1500000
344,1,1504000
345,1,1508000
346,1,1512000
347,1,1516000
348,0,1520000
349,0,1524000
350,0,1528000
351,0,1532000
352,0,1536000
353,0,1540000
354,0,1544000
355,0,1548000
356,0,1552000
357,0,1556000
358,0,1560000
359,0,1564000
360,0,1568000
361,0,1572000
362,0,1576000
363,0,1580000
364,0,1584000
365,0,1588000
366,0,1592000
367,0,1596000
368,0,1600000
369,0,1604000
370,0,1608000
371,0,1612000
372,0,1616000
373,0,1620000
374,0,1624000
375,0,1628000
376,0,1632000
377,0,1636000
378,0,1640000
379,0,1644000
380,0,1648000
381,0,1652000
382,0,1656000
383,0,1660000
384,0,1664000
385,0,1668000
386,0,1672000
387,0,1676000
388,0,1680000
389,0,1684000
390,0,1688000
391,0,1692000
392,0,1696000
393,0,1700000
394,0,1704000
395,0,1708000
396,0,1712000
397,0,1716000
398,0,1720000
399,0,1724000
400,0,1728000
401,0,1732000
402,0,1736000
403,0,1740000
404,0,1744000
405,0,1748000
406,0,1752000
407,0,1756000
408,0,1760000
409,0,1764000
410,0,1768000
411,0,1772000
412,0,1776000
413,0,1780000
414,0,1784000
415,0,1788000
416,0,1792000
417,0,1796000
418,0,1801000
419,0,1805000
420,0,1809000
421,0,1813000
422,0,1817000
423,0,1821000
424,0,1825000
425,0,1829000
426,0,1833000
427,0,1836000
428,0,1840000
429,0,1844000
430,0,1848000
431,0,1852000
432,0,1856000
433,0,1860000
434,0,1864000
435,0,1868000
436,0,1872000
437,0,1876000
438,0,1880000
439,0,1884000
440,0,1888000
441,0,1892000
442,0,1896000
443,0,1900000
444,0,1904000
445,0,1908000
446,0,1912000
447,0,1916000
448,0,1920000
449,0,1924000
450,0,1928000
451,0,1932000
452,0,1936000
453,0,1940000
454,0,1944000
455,1,1948000
456,1,1952000
457,1,1956000
458,1,1960000
459,1,1964000
460,1,1968000
461,1,1972000
462,1,1976000
463,1,1980000
464,0,1984000
465,0,1988000
466,0,1992000
467,0,1996000
468,0,2000000
469,0,2004000
470,0,2008000
471,0,2012000
472,0,2016000
473,0,2020000
474,0,2024000
475,0,2028000
476,0,2032000
477,0,2036000
478,0,2040000
479,0,2044000
480,0,2048000
481,0,2052000
482,0,2056000
483,0,2060000
484,0,2064000
485,0,2068000
486,0,2072000
487,0,2076000
488,0,2080000
489,0,2084000
490,0,2088000
491,0,2092000
492,0,2096000
493,0,2100000
494,0,2104000
495,0,2108000
496,0,2112000
497,0,2116000
498,0,2120000
499,0,2124000
500,0,2128000
501,0,2132000
502,0,2137000
503,0,2141000
504,0,2145000
505,0,2149000
506,0,2153000
507,0,2157000
508,0,2161000
509,0,2165000
510,0,2168000
511,0,2172000
512,0,2176000
513,0,2180000
514,0,2184000
515,0,2188000
516,0,2192000
517,0,2196000
518,0,2200000
519,1,2204000
520,1,2208000
521,1,2212000
522,1,2216000
523,0,2220000
524,0,2224000
525,1,2228000
526,0,2232000
527,0,2236000
528,0,2240000
529,0,2244000
530,0,2248000
531,0,2252000
532,0,2256000
533,0,2260000
534,0,2264000
535,0,2268000
536,0,2272000
537,0,2276000
538,0,2280000
539,0,2284000
540,0,2288000
541,0,2292000
542,0,2296000
543,0,2301000
544,0,2305000
545,0,2309000
546,0,2313000
547,0,2317000
548,0,2321000
549,0,2325000
550,0,2329000
551,0,2333000
552,0,2337000
553,0,2341000
554,0,2345000
555,0,2349000
556,0,2353000
557,0,2357000
558,0,2361000
559,0,2365000
560,0,2367000
561,0,2371000
562,0,2375000
563,0,2379000
564,0,2383000
565,0,2387000
566,0,2391000
567,0,2395000
568,0,2399000
569,0,2404000
570,0,2408000
571,0,2412000
572,0,2416000
573,0,2420000
574,0,2424000
575,0,2428000
576,0,2432000
577,0,2436000
578,0,2440000
579,0,2444000
580,0,2448000
581,0,2452000
582,0,2456000
583,0,2460000
584,0,2464000
585,0,2468000
586,0,2472000
587,0,2476000
588,0,2480000
589,0,2484000
590,0,2488000
591,0,2492000
592,0,2496000
593,0,2501000
594,0,2505000
595,0,2509000
596,0,2513000
597,0,2517000
598,0,2521000
599,0,2525000
600,0,2529000
601,0,2533000
602,1,2537000
603,0,2541000
604,0,2545000
605,0,2549000
606,0,2553000
607,0,2557000
608,0,2561000
609,0,2565000
610,0,2569000
611,0,2573000
612,0,2577000
613,0,2581000
614,0,2585000
615,0,2589000
616,0,2593000
617,0,2597000
618,0,2601000
619,0,2605000
620,0,2609000
621,0,2613000
622,0,2617000
623,0,2621000
624,0,2625000
625,0,2629000
626,0,2633000
627,0,2636000
628,0,2640000
629,0,2644000
630,0,2648000
631,0,2652000
632,0,2656000
633,0,2660000
634,0,2664000
635,0,2668000
636,0,2672000
637,0,2676000
638,0,2680000
639,0,2684000
640,0,2688000
641,0,2692000
642,0,2696000
643,0,2701000
644,0,2705000
645,0,2709000
646,0,2713000
647,0,2717000
648,0,2721000
649,0,2725000
650,0,2729000
651,0,2733000
652,0,2737000
653,0,2741000
654,0,2745000
655,0,2749000
656,0,2753000
657,0,2757000
658,0,2761000
659,0,2765000
660,0,2769000
661,0,2773000
662,0,2777000
663,0,2781000
664,0,2785000
665,0,2789000
666,0,2793000
667,0,2797000
668,0,2801000
669,0,2805000
670,0,2809000
671,0,2813000
672,0,2817000
673,0,2821000
674,0,2825000
675,0,2829000
676,0,2833000
677,0,2837000
678,0,2841000
679,0,2845000
680,0,2849000
681,0,2853000
682,0,2857000
683,0,2861000
684,0,2865000
685,0,2869000
686,0,2873000
687,0,2877000
688,0,2881000
689,0,2885000
690,0,2889000
691,0,2893000
692,0,2897000
693,0,2901000
694,0,2905000
695,0,2909000
696,1,2913000
697,1,2917000
698,1,2921000
699,1,2925000
700,1,2929000
701,1,2933000
702,1,2937000
703,0,2941000
704,0,2945000
705,0,2949000
706,0,2953000
707,0,2957000
708,0,2961000
709,0,2965000
710,0,2969000
711,0,2973000
712,0,2977000
713,0,2981000
714,0,2985000
715,0,2989000
716,0,2993000
717,0,2997000
718,0,3001000
719,0,3004000
720,0,3008000
721,0,3012000
722,0,3016000
723,0,3020000
724,0,3024000
725,0,3028000
726,0,3032000
727,0,3037000
728,0,3041000
729,0,3045000
730,0,3049000
731,0,3053000
732,0,3057000
733,0,3061000
734,0,3065000
735,0,3069000
736,0,3073000
737,0,3077000
738,0,3081000
739,0,3085000
740,0,3089000
741,0,3093000
742,0,3097000
743,0,3101000
744,0,3105000
745,0,3109000
746,0,3113000
747,0,3117000
748,0,3121000
749,0,3125000
750,0,3129000
751,0,3133000
752,0,3137000
753,0,3141000
754,0,3145000
755,0,3149000
756,0,3153000
757,0,3157000
758,0,3161000
759,0,3165000
760,0,3169000
761,0,3173000
762,0,3177000
763,0,3181000
764,0,3185000
765,0,3189000
766,0,3193000
767,0,3197000
768,0,3201000
769,0,3205000
770,0,3209000
771,0,3213000
772,0,3217000
773,0,3221000
774,0,3225000
775,0,3229000
776,0,3233000
777,0,3237000
778,0,3241000
779,0,3245000
780,0,3249000
781,0,3253000
782,0,3257000
783,0,3261000
784,0,3265000
785,0,3269000
786,0,3272000
787,0,3276000
788,0,3280000
789,0,3284000
790,0,3288000
791,0,3292000
792,0,3296000
793,0,3300000
794,0,3305000
795,0,3309000
796,1,3313000
797,1,3317000
798,1,3321000
799,0,3325000
800,0,3329000
801,0,3333000
802,0,3337000
803,0,3341000
804,0,3345000
805,0,3349000
806,0,3353000
807,0,3357000
808,0,3361000
809,0,3365000
810,0,3368000
811,0,3372000
812,0,3376000
813,0,3380000
814,0,3384000
815,0,3388000
816,0,3392000
817,0,3396000
818,0,3400000
819,0,3405000
820,0,3409000
821,0,3413000
822,0,3417000
823,0,3421000
824,0,3425000
825,0,3429000
826,0,3433000
827,0,3436000
828,0,3440000
829,0,3444000
830,0,3448000
831,0,3452000
832,0,3456000
833,0,3460000
834,0,3464000
835,0,3469000
836,0,3473000
837,0,3477000
838,0,3481000
839,0,3485000
840,0,3489000
841,0,3493000
842,0,3497000
843,0,3501000
844,0,3505000
845,0,3509000
846,0,3513000
847,0,3517000
848,0,3521000
849,0,3525000
850,0,3529000
851,0,3533000
852,0,3536000
853,0,3540000
854,0,3544000
855,0,3548000
856,0,3552000
857,0,3556000
858,0,3560000
859,0,3564000
860,0,3569000
861,0,3573000
862,0,3577000
863,0,3581000
864,0,3585000
865,0,3589000
866,0,3593000
867,0,3597000
868,0,3601000
869,0,3605000
870,0,3609000
871,0,3613000
872,0,3617000
873,0,3621000
874,0,3625000
875,0,3629000
876,0,3633000
877,0,3636000
878,0,3640000
879,0,3644000
880,0,3648000
881,0,3652000
882,0,3656000
883,0,3660000
884,0,3664000
885,0,3668000
886,0,3673000
887,0,3677000
888,0,3681000
889,0,3685000
890,0,3689000
891,0,3693000
892,0,3697000
893,0,3701000
894,0,3705000
895,0,3709000
896,0,3713000
897,0,3717000
898,0,3721000
899,0,3725000
900,0,3729000
901,0,3733000
902,0,3736000
903,0,3740000
904,0,3744000
905,0,3748000
906,0,3752000
907,0,3756000
908,0,3760000
909,0,3764000
910,0,3769000
911,0,3773000
912,1,3777000
913,1,3781000
914,0,3785000
915,0,3789000
916,0,3793000
917,0,3797000
918,0,3801000
919,0,3805000
920,0,3809000
921,0,3813000
922,0,3817000
923,0,3821000
924,0,3825000
925,0,3829000
926,0,3833000
927,0,3837000
928,0,3841000
929,0,3845000
930,0,3849000
931,0,3853000
932,0,3857000
933,0,3861000
934,0,3865000
935,0,3869000
936,0,3873000
937,0,3877000
938,0,3881000
939,0,3885000
940,0,3889000
941,0,3893000
942,0,3897000
943,0,3901000
944,0,3904000
945,0,3908000
946,0,3912000
947,0,3916000
948,0,3920000
949,0,3924000
950,0,3928000
951,0,3932000
952,0,3937000
953,0,3941000
954,0,3945000
955,0,3949000
956,0,3953000
957,0,3957000
958,0,3961000
959,0,3965000
960,0,3969000
961,0,3973000
962,0,3977000
963,0,3981000
964,0,3985000
965,0,3989000
966,0,3993000
967,0,3997000
968,0,4001000
969,0,4004000
970,0,4008000
971,0,4012000
972,0,4016000
973,0,4020000
974,0,4024000
975,0,4028000
976,0,4032000
977,0,4037000
978,0,4041000
979,0,4045000
980,0,4049000
981,0,4053000
982,0,4057000
983,0,4061000
984,0,4065000
985,0,4069000
986,0,4073000
987,0,4077000
988,0,4081000
989,0,4085000
990,0,4089000
991,0,4093000
992,0,4097000
993,0,4101000
994,0,4105000
995,0,4109000
996,0,4113000
997,0,4117000
998,0,4121000
999,0,4125000
1000,0,4129000
1001,0,4133000
1002,1,4137000
1003,1,4141000
1004,1,4145000
1005,1,4149000
1006,1,4153000
1007,1,4157000
1008,1,4161000
1009,1,4165000
1010,1,4169000
1011,0,4172000
1012,0,4176000
1013,0,4180000
1014,0,4184000
1015,0,4188000
1016,0,4192000
1017,0,4196000
1018,0,4200000
1019,0,4205000
1020,0,4209000
1021,0,4213000
1022,0,4217000
1023,0,4221000
1024,0,4225000
1025,0,4229000
1026,0,4233000
1027,0,4237000
1028,0,4241000
1029,0,4245000
1030,0,4249000
1031,0,4253000
1032,0,4257000
1033,0,4261000
1034,0,4265000
1035,0,4269000
1036,0,4272000
1037,0,4276000
1038,0,4280000
1039,0,4284000
1040,0,4288000
1041,0,4292000
1042,0,4296000
1043,0,4300000
1044,0,4305000
1045,0,4309000
1046,0,4313000
1047,0,4317000
1048,0,4321000
1049,0,4325000
1050,0,4329000
1051,0,4333000
1052,0,4337000
1053,0,4341000
1054,0,4345000
1055,0,4349000
1056,0,4353000
1057,0,4357000
1058,0,4361000
1059,0,4365000
1060,0,4369000
1061,0,4372000
1062,0,4376000
1063,0,4380000
1064,0,4384000
1065,0,4388000
1066,0,4392000
1067,0,4396000
1068,0,4400000
1069,0,4405000
1070,0,4409000
1071,0,4413000
1072,0,4417000
1073,0,4421000
1074,0,4425000
1075,0,4429000
1076,0,4433000
1077,0,4436000
1078,0,4440000
1079,0,4444000
1080,0,4448000
1081,0,4452000
1082,0,4456000
1083,0,4460000
1084,0,4464000
1085,0,4468000
1086,0,4473000
1087,0,4477000
1088,0,4481000
1089,0,4485000
1090,0,4489000
1091,0,4493000
1092,0,4497000
1093,0,4501000
1094,0,4505000
1095,0,4509000
1096,0,4513000
1097,0,4517000
1098,0,4521000
1099,0,4525000
1100,0,4529000
1101,0,4533000
1102,0,4537000
1103,0,4540000
1104,0,4544000
1105,0,4548000
1106,1,4552000
1107,1,4556000
1108,1,4560000
1109,0,4564000
1110,0,4568000
1111,0,4573000
1112,0,4577000
1113,0,4581000
1114,0,4585000
1115,0,4589000
1116,0,4593000
1117,0,4597000
1118,0,4601000
1119,0,4605000
1120,0,4609000
1121,0,4613000
1122,0,4617000
1123,0,4621000
1124,0,4625000
1125,0,4629000
1126,0,4633000
1127,0,4636000
1128,0,4640000
1129,0,4644000
1130,0,4648000
1131,0,4652000
1132,0,4656000
1133,0,4660000
1134,0,4664000
1135,0,4668000
1136,0,4673000
1137,0,4677000
1138,0,4681000
1139,0,4685000
1140,0,4689000
1141,0,4693000
1142,0,4697000
1143,0,4701000
1144,0,4705000
1145,0,4709000
1146,0,4713000
1147,0,4717000
1148,0,4721000
1149,0,4725000
1150,0,4729000
1151,0,4733000
1152,0,4737000
1153,0,4740000
1154,0,4744000
1155,0,4748000
1156,0,4752000
1157,0,4756000
1158,0,4760000
1159,0,4764000
1160,0,4768000
1161,0,4773000
1162,0,4777000
1163,0,4781000
1164,0,4785000
1165,0,4789000
1166,0,4793000
1167,0,4797000
1168,0,4801000
1169,0,4804000
1170,0,4808000
1171,2,4812000
1172,2,4816000
1173,2,4820000
1174,2,4824000
1175,2,4828000
1176,2,4832000
1177,2,4837000
1178,2,4841000
1179,2,4845000
1180,2,4849000
1181,2,4853000
1182,2,4857000
1183,2,4861000
1184,2,4865000
1185,2,4869000
1186,2,4873000
1187,2,4877000
1188,2,4881000
1189,2,4885000
1190,2,4889000
1191,2,4893000
1192,2,4897000
1193,2,4901000
1194,2,4904000
1195,2,4908000
1196,1,4912000
1197,1,4916000
1198,1,4920000
1199,2,4924000
1200,2,4928000
1201,2,4932000
1202,2,4937000
1203,2,4941000
1204,2,4945000
1205,2,4949000
1206,2,4953000
1207,2,4957000
1208,2,4961000
1209,2,4965000
1210,2,4969000
1211,2,4973000
1212,2,4977000
1213,0,4981000
1214,0,4985000
1215,0,4989000
1216,0,4993000
1217,0,4997000
1218,0,5001000
1219,0,5004000
1220,0,5008000
1221,0,5012000
1222,0,5016000
1223,0,5020000
1224,0,5024000
1225,0,5028000
1226,0,5032000
1227,0,5036000
1228,0,5041000
1229,0,5045000
1230,0,5049000
1231,0,5053000
1232,0,5057000
1233,0,5061000
1234,0,5065000
1235,0,5069000
1236,0,5072000
1237,0,5076000
1238,0,5080000
1239,0,5084000
1240,0,5088000
1241,0,5092000
1242,0,5096000
1243,0,5100000
1244,0,5104000
1245,0,5108000
1246,0,5112000
1247,0,5116000
1248,0,5120000
1249,0,5124000
1250,0,5128000
1251,0,5132000
1252,0,5137000
1253,0,5141000
1254,0,5145000
1255,0,5149000
1256,0,5153000
1257,0,5157000
1258,0,5161000
1259,0,5165000
1260,0,5169000
1261,0,5172000
1262,0,5176000
1263,0,5180000
1264,0,5184000
1265,0,5188000
1266,0,5192000
1267,0,5196000
1268,0,5200000
1269,0,5205000
1270,0,5209000
1271,0,5213000
1272,0,5217000
1273,0,5221000
1274,0,5225000
1275,0,5229000
1276,0,5233000
1277,0,5237000
1278,0,5241000
1279,0,5245000
1280,0,5249000
1281,0,5253000
1282,0,5257000
1283,0,5261000
1284,0,5265000
1285,0,5269000
1286,0,5272000
1287,0,5276000
1288,0,5280000
1289,0,5284000
1290,0,5288000
1291,0,5292000
1292,0,5296000
1293,0,5300000
1294,0,5305000
1295,0,5309000
1296,0,5313000
1297,0,5317000
1298,0,5321000
1299,0,5325000
1300,0,5329000
1301,0,5333000
1302,0,5337000
1303,0,5340000
1304,0,5344000
1305,0,5348000
1306,0,5352000
1307,0,5356000
1308,0,5360000
1309,0,5364000
1310,0,5368000
1311,0,5372000
1312,0,5376000
1313,0,5380000
1314,0,5384000
1315,0,5388000
1316,0,5392000
1317,0,5396000
1318,0,5400000
1319,0,5405000
1320,0,5409000
1321,0,5413000
1322,0,5417000
1323,0,5421000
1324,0,5425000
1325,0,5429000
1326,0,5433000
1327,0,5437000
1328,0,5440000
1329,0,5444000
1330,0,5448000
1331,0,5452000
1332,0,5456000
1333,0,5460000
1334,0,5464000
1335,0,5468000
1336,0,5473000
1337,0,5477000
1338,0,5481000
1339,1,5485000
1340,1,5489000
1341,1,5493000
1342,1,5497000
1343,0,5501000
1344,0,5505000
1345,0,5509000
1346,0,5513000
1347,0,5517000
1348,0,5521000
1349,0,5525000
1350,0,5529000
1351,0,5533000
1352,0,5537000
1353,0,5540000
1354,0,5544000
1355,0,5548000
1356,0,5552000
1357,0,5556000
1358,0,5560000
1359,0,5564000
1360,0,5568000
1361,0,5573000
1362,0,5577000
1363,0,5581000
1364,0,5585000
1365,0,5589000
1366,0,5593000
1367,0,5597000
1368,0,5601000
1369,0,5605000
1370,0,5609000
1371,0,5613000
1372,0,5617000
1373,0,5621000
1374,0,5625000
1375,0,5629000
1376,0,5633000
1377,0,5637000
1378,0,5640000
1379,0,5644000
1380,0,5648000
1381,0,5652000
1382,0,5656000
1383,0,5660000
1384,0,5664000
1385,0,5668000
1386,0,5673000
1387,0,5677000
1388,0,5681000
1389,0,5685000
1390,0,5689000
1391,0,5693000
1392,0,5697000
1393,0,5701000
1394,0,5704000
1395,0,5708000
1396,0,5712000
1397,0,5716000
1398,0,5720000
1399,0,5724000
1400,0,5728000
1401,0,5732000
1402,0,5736000
1403,0,5740000
1404,0,5744000
1405,0,5748000
1406,0,5752000
1407,0,5756000
1408,0,5760000
1409,0,5764000
1410,0,5768000
1411,0,5773000
1412,0,5777000
1413,0,5781000
1414,0,5785000
1415,0,5789000
1416,0,5793000
1417,0,5797000
1418,0,5801000
1419,0,5804000
1420,0,5808000
1421,0,5812000
1422,0,5816000
1423,0,5820000
1424,0,5824000
1425,0,5828000
1426,0,5832000
1427,0,5836000
1428,0,5841000
1429,0,5845000
1430,0,5849000
1431,0,5853000
1432,0,5857000
1433,0,5861000
1434,0,5865000
1435,0,5869000
1436,0,5873000
1437,0,5877000
1438,0,5881000
1439,0,5885000
1440,0,5889000
1441,0,5893000
1442,0,5897000
1443,0,5901000
1444,0,5904000
1445,0,5908000
1446,0,5912000
1447,0,5916000
1448,0,5920000
1449,0,5924000
1450,0,5928000
1451,0,5932000
1452,0,5936000
1453,0,5941000
1454,0,5945000
1455,0,5949000
1456,0,5953000
1457,0,5957000
1458,0,5961000
1459,0,5965000
1460,0,5969000
1461,0,5973000
1462,0,5977000
1463,0,5981000
1464,0,5985000
1465,1,5989000
1466,1,5993000
1467,1,5997000
1468,1,6001000
1469,1,6005000
1470,1,6008000
1471,1,6012000
1472,1,6016000
1473,0,6020000
1474,0,6024000
1475,0,6028000
1476,0,6032000
1477,0,6036000
1478,0,6041000
1479,0,6045000
1480,0,6049000
1481,0,6053000
1482,0,6057000
1483,0,6061000
1484,0,6065000
1485,0,6069000
1486,0,6072000
1487,0,6076000
1488,0,6080000
1489,0,6084000
1490,0,6088000
1491,0,6092000
1492,0,6096000
1493,0,6100000
1494,0,6104000
1495,0,6108000
1496,0,6112000
1497,0,6116000
1498,0,6120000
1499,0,6124000
1500,0,6128000
1501,0,6132000
1502,0,6136000
1503,0,6141000
1504,0,6145000
1505,0,6149000
1506,0,6153000
1507,0,6157000
1508,0,6161000
1509,0,6165000
1510,0,6169000
1511,0,6172000
1512,0,6176000
1513,0,6180000
1514,0,6184000
1515,0,6188000
1516,0,6192000
1517,0,6196000
1518,0,6200000
1519,0,6205000
1520,0,6209000
1521,0,6213000
1522,0,6217000
1523,0,6221000
1524,0,6225000
1525,0,6229000
1526,0,6233000
1527,0,6237000
1528,0,6241000
1529,0,6245000
1530,0,6249000
1531,0,6253000
1532,0,6257000
1533,0,6261000
1534,0,6265000
1535,0,6269000
1536,0,6272000
1537,0,6276000
1538,0,6280000
1539,0,6284000
1540,0,6288000
1541,0,6292000
1542,0,6296000
1543,0,6300000
1544,0,6305000
1545,0,6309000
1546,0,6313000
1547,0,6317000
1548,0,6321000
1549,1,6325000
1550,1,6329000
1551,0,6333000
1552,0,6337000
1553,0,6340000
1554,0,6344000
1555,0,6348000
1556,0,6352000
1557,0,6356000
1558,0,6360000
1559,0,6364000
1560,0,6368000
1561,0,6372000
1562,0,6376000
1563,0,6380000
1564,0,6384000
1565,0,6388000
1566,0,6392000
1567,0,6396000
1568,0,6400000
1569,0,6405000
1570,0,6409000
1571,0,6413000
1572,0,6417000
1573,0,6421000
1574,0,6425000
1575,0,6429000
1576,0,6433000
1577,0,6437000
1578,0,6440000
1579,0,6444000
1580,0,6448000
1581,0,6452000
1582,0,6456000
1583,0,6460000
1584,0,6464000
1585,0,6468000
1586,0,6473000
1587,0,6477000
1588,0,6481000
1589,0,6485000
1590,0,6489000
1591,0,6493000
1592,0,6497000
1593,0,6501000
1594,0,6505000
1595,0,6509000
1596,0,6513000
1597,0,6517000
1598,0,6521000
1599,0,6525000
1600,0,6529000
1601,0,6533000
1602,0,6537000
1603,0,6540000
1604,0,6544000
1605,0,6548000
1606,0,6552000
1607,0,6556000
1608,0,6560000
1609,0,6564000
1610,0,6568000
1611,0,6573000
1612,0,6577000
1613,0,6581000
1614,0,6585000
1615,0,6589000
1616,0,6593000
1617,0,6597000
1618,0,6601000
1619,0,6605000
1620,0,6608000
1621,0,6612000
1622,0,6616000
1623,0,6620000
1624,0,6624000
1625,0,6628000
1626,0,6632000
1627,0,6636000
1628,0,6640000
1629,0,6644000
1630,0,6648000
1631,0,6652000
1632,0,6656000
1633,0,6660000
1634,0,6664000
1635,1,6668000
1636,1,6673000
1637,1,6677000
1638,1,6681000
1639,1,6685000
1640,1,6689000
1641,1,6693000
1642,1,6697000
1643,1,6701000
1644,0,6705000
1645,0,6708000
1646,0,6712000
1647,0,6716000
1648,0,6720000
1649,0,6724000
1650,0,6728000
1651,0,6732000
1652,0,6736000
1653,0,6740000
1654,0,6744000
1655,0,6748000
1656,0,6752000
1657,0,6756000
1658,0,6760000
1659,0,6764000
1660,0,6768000
1661,0,6773000
1662,0,6777000
1663,0,6781000
1664,0,6785000
1665,0,6789000
1666,0,6793000
1667,0,6797000
1668,0,6801000
1669,0,6805000
1670,0,6808000
1671,0,6812000
1672,1,6816000
1673,0,6820000
1674,0,6824000
1675,0,6828000
1676,0,6832000
1677,0,6836000
1678,0,6841000
1679,0,6845000
1680,0,6849000
1681,0,6853000
1682,0,6857000
1683,0,6861000
1684,0,6865000
1685,0,6869000
1686,0,6873000
1687,0,6877000
1688,0,6881000
1689,0,6885000
1690,0,6889000
1691,0,6893000
1692,0,6897000
1693,0,6901000
1694,0,6905000
1695,0,6908000
1696,0,6912000
1697,0,6916000
1698,0,6920000
1699,0,6924000
1700,0,6928000
1701,0,6932000
1702,0,6936000
1703,0,6941000
1704,0,6945000
1705,0,6949000
1706,0,6953000
1707,0,6957000
1708,0,6961000
1709,0,6965000
1710,0,6969000
1711,0,6972000
1712,0,6976000
1713,0,6980000
1714,0,6984000
1715,0,6988000
1716,0,6992000
1717,0,6996000
1718,0,7000000
1719,0,7004000
1720,0,7008000
1721,0,7012000
1722,0,7016000
1723,1,7020000
1724,0,7024000
1725,0,7028000
1726,0,7032000
1727,0,7036000
1728,0,7041000
1729,0,7045000
1730,0,7049000
1731,0,7053000
1732,0,7057000
1733,0,7061000
1734,0,7065000
1735,0,7069000
1736,0,7072000
1737,1,7076000
1738,0,7080000
1739,0,7084000
1740,0,7088000
1741,0,7092000
1742,0,7096000
1743,0,7100000
1744,0,7104000
1745,0,7108000
1746,0,7112000
1747,0,7116000
1748,0,7120000
1749,0,7124000
1750,0,7128000
1751,0,7132000
1752,0,7136000
1753,0,7141000
1754,0,7145000
1755,0,7149000
1756,0,7153000
1757,0,7157000
1758,0,7161000
1759,0,7165000
1760,0,7169000
1761,0,7173000
1762,0,7176000
1763,0,7180000
1764,0,7184000
1765,0,7188000
1766,0,7192000
1767,0,7196000
1768,0,7200000
1769,0,7204000
1770,0,7209000
1771,0,7213000
1772,0,7217000
1773,0,7221000
1774,0,7225000
1775,0,7229000
1776,0,7233000
1777,0,7237000
1778,0,7240000
1779,0,7244000
1780,1,7248000
1781,1,7252000
1782,1,7256000
1783,1,7260000
1784,0,7264000
1785,0,7268000
1786,0,7272000
1787,0,7276000
1788,1,7280000
1789,0,7284000
1790,0,7288000
1791,0,7292000
1792,0,7296000
1793,0,7300000
1794,0,7304000
1795,0,7309000
1796,0,7313000
1797,0,7317000
1798,0,7321000
1799,0,7325000
1800,0,7329000
1801,0,7333000
1802,0,7337000
1803,0,7340000
1804,0,7344000
1805,0,7348000
1806,0,7352000
1807,0,7356000
1808,0,7360000
1809,0,7364000
1810,0,7368000
1811,0,7372000
1812,0,7376000
1813,0,7380000
1814,0,7384000
1815,0,7388000
1816,0,7392000
1817,0,7396000
1818,0,7400000
1819,0,7404000
1820,0,7409000
1821,0,7413000
1822,0,7417000
1823,0,7421000
1824,0,7425000
1825,0,7429000
1826,0,7433000
1827,0,7437000
1828,0,7440000
1829,0,7444000
1830,0,7448000
1831,0,7452000
1832,0,7456000
1833,0,7460000
1834,0,7464000
1835,0,7468000
1836,0,7472000
1837,0,7476000
1838,0,7480000
1839,0,7484000
1840,0,7488000
1841,0,7492000
1842,0,7496000
1843,0,7500000
1844,0,7504000
1845,0,7508000
1846,0,7512000
1847,0,7516000
1848,0,7520000
1849,0,7524000
1850,0,7528000
1851,0,7532000
1852,0,7536000
1853,0,7540000
1854,0,7544000
1855,0,7548000
1856,0,7552000
1857,0,7556000
1858,0,7560000
1859,0,7564000
1860,0,7568000
1861,0,7573000
1862,0,7577000
1863,0,7581000
1864,0,7585000
1865,0,7589000
1866,0,7593000
1867,0,7597000
1868,0,7601000
1869,0,7605000
1870,0,7608000
1871,0,7612000
1872,0,7616000
1873,0,7620000
1874,0,7624000
1875,0,7628000
1876,0,7632000
1877,0,7636000
1878,0,7640000
1879,0,7644000
1880,0,7648000
1881,0,7652000
1882,0,7656000
1883,0,7660000
1884,0,7664000
1885,0,7668000
1886,0,7673000
1887,0,7677000
1888,0,7681000
1889,0,7685000
1890,0,7689000
1891,0,7693000
1892,0,7697000
1893,0,7701000
1894,0,7705000
1895,0,7708000
1896,0,7712000
1897,0,7716000
1898,0,7720000
1899,0,7724000
1900,0,7728000
1901,0,7732000
1902,0,7736000
1903,0,7740000
1904,0,7744000
1905,0,7748000
1906,0,7752000
1907,0,7756000
1908,1,7760000
1909,1,7764000
1910,1,7768000
1911,1,7772000
1912,1,7776000
1913,1,7780000
1914,1,7784000
1915,1,7788000
1916,0,7792000
1917,0,7796000
1918,0,7800000
1919,0,7804000
1920,0,7808000
1921,0,7812000
1922,0,7816000
1923,0,7820000
1924,0,7824000
1925,0,7828000
1926,0,7832000
1927,0,7836000
1928,0,7841000
1929,0,7845000
1930,0,7849000
1931,0,7853000
1932,0,7857000
1933,0,7861000
1934,0,7865000
1935,0,7869000
1936,0,7873000
1937,0,7876000
1938,0,7880000
1939,0,7884000
1940,0,7888000
1941,0,7892000
1942,0,7896000
1943,0,7900000
1944,0,7904000
1945,0,7908000
1946,0,7912000
1947,0,7916000
1948,0,7920000
1949,0,7924000
1950,0,7928000
1951,0,7932000
1952,0,7936000
1953,0,7941000
1954,0,7945000
1955,0,7949000
1956,0,7953000
1957,0,7957000
1958,0,7961000
1959,0,7965000
1960,0,7969000
1961,0,7973000
1962,0,7976000
1963,0,7980000
1964,0,7984000
1965,0,7988000
1966,0,7992000
1967,0,7996000
1968,0,8000000
1969,0,8004000
1970,0,8008000
1971,0,8012000
1972,0,8016000
1973,0,8020000
1974,0,8024000
1975,0,8028000
1976,0,8032000
1977,0,8036000
1978,0,8041000
1979,0,8045000
1980,0,8049000
1981,0,8053000
1982,0,8057000
1983,0,8061000
1984,0,8065000
1985,0,8069000
1986,0,8073000
1987,0,8076000
1988,0,8080000
1989,0,8084000
1990,0,8088000
1991,0,8092000
1992,0,8096000
1993,0,8100000
1994,0,8104000
1995,0,8108000
1996,0,8112000
1997,0,8116000
1998,0,8120000
1999,0,8124000
2000,1,8128000
2001,1,8132000
2002,0,8136000
2003,0,8140000
2004,0,8144000
2005,0,8148000
2006,0,8152000
2007,0,8156000
2008,0,8160000
2009,0,8164000
2010,0,8168000
2011,0,8172000
2012,0,8176000
2013,0,8180000
2014,0,8184000
2015,0,8188000
2016,0,8192000
2017,0,8196000
2018,0,8200000
2019,0,8204000
2020,0,8209000
2021,0,8213000
2022,0,8217000
2023,0,8221000
2024,0,8225000
2025,0,8229000
2026,0,8233000
2027,0,8237000
2028,0,8241000
2029,0,8244000
2030,0,8248000
2031,0,8252000
2032,0,8256000
2033,0,8260000
2034,0,8264000
2035,0,8268000
2036,0,8272000
2037,0,8276000
2038,0,8280000
2039,0,8284000
2040,0,8288000
2041,0,8292000
2042,0,8296000
2043,0,8300000
2044,0,8304000
2045,0,8309000
2046,0,8313000
2047,0,8317000
2048,0,8321000
2049,1,8325000
2050,1,8329000
2051,1,8333000
2052,1,8337000
2053,1,8340000
2054,1,8344000
2055,1,8348000
2056,1,8352000
2057,0,8356000
2058,0,8360000
2059,0,8364000
2060,0,8368000
2061,0,8372000
2062,0,8376000
2063,0,8380000
2064,0,8384000
2065,0,8388000
2066,0,8392000
2067,0,8396000
2068,0,8400000
2069,0,8404000
2070,0,8409000
2071,0,8413000
2072,0,8417000
2073,0,8421000
2074,0,8425000
2075,0,8429000
2076,0,8433000
2077,0,8437000
2078,0,8440000
2079,0,8444000
2080,0,8448000
2081,0,8452000
2082,0,8456000
2083,0,8460000
2084,0,8464000
2085,0,8468000
2086,0,8472000
2087,0,8476000
2088,0,8480000
2089,0,8484000
2090,0,8488000
2091,0,8492000
2092,0,8496000
2093,0,8500000
2094,0,8504000
2095,0,8508000
2096,0,8512000
2097,0,8516000
2098,0,8520000
2099,0,8524000
2100,0,8528000
2101,0,8532000
2102,0,8536000
2103,0,8540000
2104,0,8544000
2105,0,8548000
2106,0,8552000
2107,0,8556000
2108,0,8560000
2109,0,8564000
2110,0,8568000
2111,0,8572000
2112,0,8577000
2113,0,8581000
2114,0,8585000
2115,0,8589000
2116,0,8593000
2117,0,8597000
2118,0,8601000
2119,0,8605000
2120,0,8608000
2121,0,8612000
2122,0,8616000
2123,0,8620000
2124,0,8624000
2125,0,8628000
2126,0,8632000
2127,1,8636000
2128,0,8640000
2129,0,8644000
2130,0,8648000
2131,0,8652000
2132,0,8656000
2133,0,8660000
2134,0,8664000
2135,0,8668000
2136,0,8672000
2137,0,8677000
2138,0,8681000
2139,0,8685000
2140,0,8689000
2141,0,8693000
2142,0,8697000
2143,0,8701000
2144,0,8705000
2145,0,8708000
2146,0,8712000
2147,0,8716000
2148,0,8720000
2149,0,8724000
2150,0,8728000
2151,0,8732000
2152,0,8736000
2153,0,8740000
2154,0,8744000
2155,0,8748000
2156,0,8752000
2157,0,8756000
2158,0,8760000
2159,0,8764000
2160,0,8768000
2161,0,8772000
2162,0,8776000
2163,0,8780000
2164,0,8784000
2165,0,8788000
2166,0,8792000
2167,0,8796000
2168,0,8800000
2169,0,8804000
2170,0,8808000
2171,0,8812000
2172,0,8816000
2173,0,8820000
2174,0,8824000
2175,0,8828000
2176,0,8832000
2177,0,8836000
2178,0,8840000
2179,0,8844000
2180,0,8848000
2181,0,8852000
2182,0,8856000
2183,0,8860000
2184,0,8864000
2185,0,8868000
2186,0,8872000
2187,0,8876000
2188,0,8880000
2189,0,8884000
2190,0,8888000
2191,0,8892000
2192,0,8896000
2193,0,8900000
2194,0,8904000
2195,0,8908000
2196,0,8912000
2197,0,8916000
2198,0,8920000
2199,0,8924000
2200,0,8928000
2201,0,8932000
2202,0,8936000
2203,0,8941000
2204,0,8945000
2205,0,8949000
2206,0,8953000
2207,0,8957000
2208,0,8961000
2209,0,8965000
2210,0,8969000
2211,0,8973000
2212,0,8976000
2213,0,8980000
2214,0,8984000
2215,0,8988000
2216,0,8992000
2217,0,8996000
2218,0,9000000
2219,0,9004000
2220,0,9008000
2221,0,9012000
2222,0,9016000
2223,0,9020000
2224,0,9024000
2225,0,9028000
2226,0,9032000
2227,0,9036000
2228,0,9040000
2229,1,9044000
2230,1,9048000
2231,1,9052000
2232,1,9056000
2233,1,9060000
2234,1,9064000
2235,1,9068000
2236,1,9072000
2237,0,9076000
2238,0,9080000
2239,0,9084000
2240,0,9088000
2241,0,9092000
2242,0,9096000
2243,0,9100000
2244,0,9104000
2245,0,9108000
2246,0,9112000
2247,0,9116000
2248,0,9120000
2249,0,9124000
2250,0,9128000
2251,0,9132000
2252,0,9136000
2253,0,9140000
2254,0,9144000
2255,0,9148000
2256,0,9152000
2257,0,9156000
2258,0,9160000
2259,0,9164000
2260,0,9168000
2261,0,9172000
2262,0,9176000
2263,0,9180000
2264,0,9184000
2265,0,9188000
2266,0,9192000
2267,0,9196000
2268,0,9200000
2269,0,9204000
2270,0,9209000
2271,0,9213000
2272,0,9217000
2273,0,9221000
2274,0,9225000
2275,0,9229000
2276,0,9233000
2277,0,9237000
2278,0,9241000
2279,0,9244000
2280,0,9248000
2281,0,9252000
2282,0,9256000
2283,0,9260000
2284,0,9264000
2285,0,9268000
2286,0,9272000
2287,0,9276000
2288,0,9280000
2289,0,9284000
2290,0,9288000
2291,0,9292000
2292,0,9296000
2293,0,9300000
2294,0,9304000
2295,0,9308000
2296,0,9312000
2297,0,9316000
2298,0,9320000
2299,0,9324000
2300,0,9328000
2301,0,9332000
2302,0,9336000
2303,0,9340000
2304,0,9344000
2305,0,9348000
2306,0,9352000
2307,0,9356000
2308,0,9360000
2309,0,9364000
2310,0,9368000
2311,0,9372000
2312,0,9376000
2313,0,9380000
2314,0,9384000
2315,0,9388000
2316,0,9392000
2317,0,9396000
2318,0,9400000
2319,0,9404000
2320,0,9408000
2321,0,9412000
2322,0,9416000
2323,0,9420000
2324,0,9424000
2325,0,9428000
2326,0,9432000
2327,0,9436000
2328,0,9440000
2329,0,9444000
2330,0,9448000
2331,0,9452000
2332,0,9456000
2333,0,9460000
2334,0,9464000
2335,0,9468000
2336,0,9472000
2337,0,9476000
2338,0,9480000
2339,0,9484000
2340,0,9488000
2341,0,9492000
2342,0,9496000
2343,0,9500000
2344,0,9504000
2345,0,9508000
2346,0,9512000
2347,0,9516000
2348,0,9520000
2349,0,9524000
2350,0,9528000
2351,0,9532000
2352,1,9536000
2353,1,9540000
2354,1,9544000
2355,1,9548000
2356,1,9552000
2357,1,9556000
2358,1,9560000
2359,1,9564000
2360,0,9568000
2361,0,9572000
2362,0,9576000
2363,0,9580000
2364,0,9584000
2365,0,9588000
2366,0,9592000
2367,0,9596000
2368,0,9600000
2369,0,9604000
2370,0,9608000
2371,0,9612000
2372,0,9616000
2373,0,9620000
2374,0,9624000
2375,0,9628000
2376,0,9632000
2377,0,9636000
2378,0,9640000
2379,0,9644000
2380,0,9648000
2381,0,9652000
2382,0,9656000
2383,0,9660000
2384,0,9664000
2385,0,9668000
2386,0,9672000
2387,0,9676000
2388,0,9680000
2389,0,9684000
2390,0,9688000
2391,0,9692000
2392,0,9696000
2393,0,9700000
2394,0,9704000
2395,0,9708000
2396,0,9712000
2397,0,9716000
2398,0,9720000
2399,0,9724000
2400,0,9728000
2401,0,9732000
2402,0,9736000
2403,0,9740000
2404,0,9744000
2405,0,9748000
2406,0,9752000
2407,0,9756000
2408,0,9760000
2409,0,9764000
2410,0,9768000
2411,0,9772000
2412,0,9776000
2413,0,9780000
2414,0,9784000
2415,0,9788000
2416,0,9792000
2417,0,9796000
2418,0,9800000
2419,0,9804000
2420,0,9808000
2421,0,9812000
2422,0,9816000
2423,0,9820000
2424,0,9824000
2425,0,9828000
2426,0,9832000
2427,0,9836000
2428,0,9840000
2429,0,9844000
2430,0,9848000
2431,0,9852000
2432,0,9856000
2433,1,9860000
2434,0,9864000
2435,0,9868000
2436,0,9872000
2437,0,9876000
2438,0,9880000
2439,0,9884000
2440,0,9888000
2441,0,9892000
2442,0,9896000
2443,0,9900000
2444,0,9904000
2445,0,9908000
2446,0,9912000
2447,0,9916000
2448,0,9920000
2449,0,9924000
2450,0,9928000
2451,0,9932000
2452,0,9936000
2453,0,9940000
2454,0,9944000
2455,0,9948000
2456,0,9952000
2457,0,9956000
2458,0,9960000
2459,0,9964000
2460,0,9968000
2461,0,9972000
2462,0,9976000
2463,0,9980000
2464,0,9984000
2465,0,9988000
2466,0,9992000
2467,0,9996000
2468,0,10000000
2469,0,10004000
2470,0,10008000
2471,0,10012000
2472,0,10016000
2473,0,10020000
2474,0,10024000
2475,0,10028000
2476,0,10032000
2477,0,10036000
2478,0,10040000
2479,0,10044000
2480,0,10048000
2481,0,10052000
2482,0,10056000
2483,0,10060000
2484,0,10064000
2485,0,10068000
2486,0,10072000
2487,0,10076000
2488,0,10080000
2489,0,10084000
2490,0,10088000
2491,0,10092000
2492,0,10096000
2493,0,10100000
2494,0,10104000
2495,0,10108000
2496,0,10112000
2497,0,10116000
2498,0,10120000
2499,0,10124000
2500,0,10128000
2501,0,10132000
2502,0,10136000
2503,0,10140000
2504,0,10144000
2505,0,10148000
2506,0,10152000
2507,0,10156000
2508,0,10160000
2509,0,10164000
2510,0,10168000
2511,0,10172000
2512,0,10176000
2513,0,10180000
2514,0,10184000
2515,0,10188000
2516,0,10192000
2517,1,10196000
2518,1,10200000
2519,1,10204000
2520,1,10208000
2521,1,10212000
2522,1,10216000
2523,1,10220000
2524,1,10224000
2525,0,10228000
2526,0,10232000
2527,0,10236000
2528,0,10240000
2529,0,10244000
2530,0,10248000
2531,0,10252000
2532,0,10256000
2533,0,10260000
2534,0,10264000
2535,0,10268000
2536,0,10272000
2537,0,10276000
2538,0,10280000
2539,0,10284000
2540,0,10288000
2541,0,10292000
2542,0,10296000
2543,0,10300000
2544,0,10304000
2545,0,10308000
2546,0,10312000
2547,0,10316000
2548,0,10320000
2549,0,10324000
2550,0,10328000
2551,0,10332000
2552,0,10336000
2553,0,10340000
2554,0,10344000
2555,0,10348000
2556,0,10352000
2557,0,10356000
2558,0,10360000
2559,0,10364000
2560,0,10368000
2561,0,10372000
2562,0,10376000
2563,0,10380000
2564,0,10384000
2565,0,10388000
2566,0,10392000
2567,0,10396000
2568,0,10400000
2569,0,10404000
2570,0,10408000
2571,0,10412000
2572,0,10416000
2573,0,10420000
2574,0,10424000
2575,0,10428000
2576,0,10432000
2577,0,10436000
2578,0,10440000
2579,0,10444000
2580,0,10448000
2581,0,10452000
2582,0,10456000
2583,0,10460000
2584,0,10464000
2585,0,10468000
2586,0,10472000
2587,0,10476000
2588,0,10480000
2589,0,10484000
2590,0,10488000
2591,0,10492000
2592,0,10496000
2593,0,10500000
2594,0,10504000
2595,0,10508000
2596,0,10512000
2597,0,10516000
2598,0,10520000
2599,0,10524000
2600,0,10528000
2601,0,10532000
2602,0,10536000
2603,0,10540000
2604,0,10544000
2605,0,10548000
2606,0,10552000
2607,0,10556000
2608,0,10560000
2609,0,10564000
2610,0,10568000
2611,0,10572000
2612,0,10576000
2613,0,10580000
2614,0,10584000
2615,0,10588000
2616,0,10592000
2617,0,10596000
2618,0,10600000
2619,0,10604000
2620,0,10608000
2621,0,10612000
2622,0,10616000
2623,0,10620000
2624,0,10624000
2625,0,10628000
2626,0,10632000
2627,0,10636000
2628,0,10640000
2629,0,10644000
2630,0,10648000
2631,0,10652000
2632,0,10656000
2633,0,10660000
2634,0,10664000
2635,0,10668000
2636,0,10672000
2637,0,10676000
2638,0,10680000
2639,0,10684000
2640,0,10688000
2641,0,10692000
2642,0,10696000
2643,0,10700000
2644,0,10704000
2645,0,10708000
2646,0,10712000
2647,0,10716000
2648,0,10720000
2649,0,10724000
2650,0,10728000
2651,0,10732000
2652,0,10736000
2653,0,10740000
2654,0,10745000
2655,0,10749000
2656,0,10753000
2657,0,10757000
2658,0,10761000
2659,0,10765000
2660,0,10769000
2661,0,10773000
2662,0,10777000
2663,0,10780000
2664,0,10784000
2665,0,10788000
2666,0,10792000
2667,0,10796000
2668,0,10800000
2669,0,10804000
2670,0,10809000
2671,0,10813000
2672,0,10817000
2673,0,10821000
2674,0,10825000
2675,0,10829000
2676,0,10833000
2677,0,10837000
2678,0,10841000
2679,0,10843000
2680,0,10847000
2681,0,10851000
2682,0,10855000
2683,0,10859000
2684,0,10863000
2685,0,10867000
2686,0,10871000
2687,0,10876000
2688,0,10880000
2689,0,10884000
2690,0,10888000
2691,0,10892000
2692,0,10896000
2693,0,10900000
2694,0,10904000
2695,0,10908000
2696,0,10912000
2697,0,10916000
2698,0,10920000
2699,0,10924000
2700,0,10928000
2701,0,10932000
2702,0,10936000
2703,0,10940000
2704,0,10944000
2705,0,10948000
2706,0,10952000
2707,0,10956000
2708,0,10960000
2709,0,10964000
2710,0,10968000
2711,0,10972000
2712,0,10976000
2713,0,10980000
2714,0,10984000
2715,0,10988000
2716,0,10992000
2717,0,10996000
2718,0,11000000
2719,0,11004000
2720,0,11009000
2721,0,11013000
2722,0,11017000
2723,0,11021000
2724,0,11025000
2725,0,11029000
2726,0,11033000
2727,1,11037000
2728,1,11041000
2729,1,11044000
2730,0,11048000
2731,0,11052000
2732,0,11056000
2733,0,11060000
2734,0,11064000
2735,0,11068000
2736,0,11072000
2737,0,11077000
2738,0,11081000
2739,0,11085000
2740,0,11089000
2741,0,11093000
2742,0,11097000
2743,0,11101000
2744,0,11105000
2745,0,11109000
2746,0,11111000
2747,0,11115000
2748,0,11119000
2749,0,11123000
2750,0,11127000
2751,0,11131000
2752,0,11135000
2753,0,11139000
2754,0,11145000
2755,0,11149000
2756,0,11153000
2757,0,11157000
2758,0,11161000
2759,0,11165000
2760,0,11169000
2761,0,11173000
2762,0,11177000
2763,0,11181000
2764,0,11185000
2765,0,11189000
2766,0,11193000
2767,0,11197000
2768,0,11201000
2769,0,11205000
2770,0,11209000
2771,0,11212000
2772,0,11216000
2773,0,11220000
2774,0,11224000
2775,0,11228000
2776,0,11232000
2777,0,11236000
2778,0,11240000
2779,0,11244000
2780,0,11248000
2781,0,11252000
2782,0,11256000
2783,0,11260000
2784,0,11264000
2785,0,11268000
2786,0,11272000
2787,0,11277000
2788,0,11281000
2789,0,11285000
2790,0,11289000
2791,0,11293000
2792,0,11297000
2793,0,11301000
2794,0,11305000
2795,0,11309000
2796,0,11313000
2797,0,11317000
2798,0,11321000
2799,0,11325000
2800,0,11329000
2801,0,11333000
2802,0,11337000
2803,0,11341000
2804,0,11345000
2805,0,11349000
2806,0,11353000
2807,0,11357000
2808,0,11361000
2809,0,11365000
2810,0,11369000
2811,0,11373000
2812,0,11377000
2813,0,11380000
2814,0,11384000
2815,0,11388000
2816,0,11392000
2817,0,11396000
2818,0,11400000
2819,0,11404000
2820,0,11408000
2821,0,11413000
2822,1,11417000
2823,1,11421000
2824,1,11425000
2825,1,11429000
2826,1,11433000
2827,1,11437000
2828,1,11441000
2829,0,11444000
2830,0,11448000
2831,0,11452000
2832,0,11456000
2833,0,11460000
2834,0,11464000
2835,0,11468000
2836,0,11472000
2837,0,11477000
2838,0,11481000
2839,0,11485000
2840,0,11489000
2841,0,11493000
2842,0,11497000
2843,0,11501000
2844,0,11505000
2845,0,11509000
2846,0,11513000
2847,0,11517000
2848,0,11521000
2849,0,11525000
2850,0,11529000
2851,0,11533000
2852,0,11537000
2853,0,11541000
2854,0,11545000
2855,0,11549000
2856,0,11553000
2857,0,11557000
2858,0,11561000
2859,0,11565000
2860,0,11569000
2861,0,11573000
2862,0,11577000
2863,0,11581000
2864,0,11585000
2865,0,11589000
2866,0,11593000
2867,0,11597000
2868,0,11601000
2869,0,11605000
2870,0,11609000
2871,0,11613000
2872,0,11617000
2873,0,11621000
2874,0,11625000
2875,0,11629000
2876,0,11633000
2877,0,11637000
2878,0,11641000
2879,0,11645000
2880,0,11649000
2881,0,11653000
2882,0,11657000
2883,0,11661000
2884,0,11665000
2885,0,11669000
2886,0,11673000
2887,0,11677000
2888,0,11681000
2889,0,11685000
2890,0,11689000
2891,0,11693000
2892,0,11697000
2893,0,11701000
2894,0,11705000
2895,0,11709000
2896,0,11713000
2897,0,11717000
2898,0,11721000
2899,0,11725000
2900,0,11729000
2901,0,11733000
2902,0,11737000
2903,0,11741000
2904,0,11744000
2905,0,11748000
2906,0,11752000
2907,0,11756000
2908,1,11760000
2909,1,11764000
2910,1,11768000
2911,1,11772000
2912,1,11776000
2913,1,11781000
2914,1,11785000
2915,1,11789000
2916,1,11793000
2917,0,11797000
2918,0,11801000
2919,0,11805000
2920,0,11809000
2921,0,11813000
2922,0,11817000
2923,0,11821000
2924,0,11825000
2925,0,11829000
2926,0,11833000
2927,0,11837000
2928,0,11841000
2929,1,11844000
2930,0,11848000
2931,0,11852000
2932,0,11856000
2933,0,11860000
2934,0,11864000
2935,0,11868000
2936,0,11872000
2937,0,11876000
2938,0,11881000
2939,0,11885000
2940,0,11889000
2941,0,11893000
2942,0,11897000
2943,0,11901000
2944,0,11905000
2945,2,11909000
2946,2,11913000
2947,2,11917000
2948,2,11921000
2949,2,11925000
2950,2,11929000
2951,2,11933000
2952,2,11937000
2953,2,11941000
2954,2,11945000
2955,2,11949000
2956,2,11953000
2957,2,11957000
2958,2,11961000
2959,2,11965000
2960,2,11969000
2961,2,11973000
2962,2,11977000
2963,2,11981000
2964,2,11985000
2965,2,11989000
2966,2,11993000
2967,2,11997000
2968,2,12001000
2969,2,12005000
2970,2,12009000
2971,2,12013000
2972,2,12017000
2973,2,12021000
2974,2,12025000
2975,2,12029000
2976,2,12033000
2977,2,12037000
2978,2,12041000
2979,2,12045000
2980,2,12049000
2981,2,12053000
2982,2,12057000
2983,2,12061000
2984,2,12065000
2985,2,12069000
2986,2,12073000
2987,2,12077000
2988,2,12081000
2989,2,12085000
2990,2,12089000
2991,2,12093000
2992,2,12097000
2993,2,12101000
2994,2,12105000
2995,2,12109000
2996,2,12112000
2997,2,12116000
2998,2,12120000
2999,2,12124000
3000,2,12128000
3001,2,12132000
3002,2,12136000
3003,2,12140000
3004,2,12145000
3005,2,12149000
3006,2,12153000
3007,2,12157000
3008,2,12161000
3009,2,12165000
3010,2,12169000
3011,2,12173000
3012,2,12177000
3013,2,12181000
3014,2,12185000
3015,2,12189000
3016,2,12193000
3017,2,12197000
3018,2,12201000
3019,2,12205000
3020,2,12209000
3021,2,12212000
3022,2,12216000
3023,2,12220000
3024,2,12224000
3025,2,12228000
3026,2,12232000
3027,2,12236000
3028,2,12240000
3029,2,12245000
3030,2,12249000
3031,2,12253000
3032,2,12257000
3033,2,12261000
3034,2,12265000
3035,2,12269000
3036,2,12273000
3037,2,12277000
3038,2,12281000
3039,2,12285000
3040,2,12289000
3041,2,12293000
3042,2,12297000
3043,2,12301000
3044,2,12305000
3045,2,12309000
3046,2,12313000
3047,2,12317000
3048,2,12321000
3049,2,12325000
3050,2,12329000
3051,2,12333000
3052,2,12337000
3053,2,12341000
3054,2,12345000
3055,2,12349000
3056,2,12353000
3057,2,12357000
3058,2,12361000
3059,2,12365000
3060,2,12369000
3061,2,12373000
3062,2,12377000
3063,2,12380000
3064,2,12384000
3065,2,12388000
3066,2,12392000
3067,2,12396000
3068,2,12400000
3069,2,12404000
3070,2,12408000
3071,2,12413000
3072,2,12417000
3073,2,12421000
3074,2,12425000
3075,2,12429000
3076,2,12433000
3077,2,12437000
3078,2,12441000
3079,2,12445000
3080,2,12449000
3081,2,12453000
3082,2,12457000
3083,2,12461000
3084,2,12465000
3085,2,12469000
3086,2,12473000
3087,2,12477000
3088,2,12480000
3089,2,12484000
3090,2,12488000
3091,2,12492000
3092,2,12496000
3093,2,12500000
3094,2,12504000
3095,2,12508000
3096,2,12513000
3097,2,12517000
3098,2,12521000
3099,2,12525000
3100,2,12529000
3101,2,12533000
3102,1,12537000
3103,1,12541000
3104,2,12545000
3105,2,12549000
3106,2,12553000
3107,2,12557000
3108,2,12561000
3109,2,12565000
3110,2,12569000
3111,2,12573000
3112,2,12577000
3113,2,12580000
3114,2,12584000
3115,2,12588000
3116,2,12592000
3117,2,12596000
3118,2,12600000
3119,2,12604000
3120,2,12608000
3121,2,12613000
3122,2,12617000
3123,2,12621000
3124,2,12625000
3125,2,12629000
3126,2,12633000
3127,2,12637000
3128,2,12641000
3129,2,12644000
3130,2,12648000
3131,2,12652000
3132,2,12656000
3133,2,12660000
3134,2,12664000
3135,2,12668000
3136,2,12672000
3137,2,12676000
3138,2,12681000
3139,2,12685000
3140,2,12689000
3141,2,12693000
3142,2,12697000
3143,2,12701000
3144,2,12705000
3145,2,12709000
3146,2,12713000
3147,2,12717000
3148,2,12721000
3149,2,12725000
3150,2,12729000
3151,2,12733000
3152,2,12737000
3153,2,12741000
3154,2,12744000
3155,2,12748000
3156,2,12752000
3157,2,12756000
3158,2,12760000
3159,2,12764000
3160,2,12768000
3161,2,12772000
3162,2,12776000
3163,2,12781000
3164,2,12785000
3165,2,12789000
3166,2,12793000
3167,2,12797000
3168,2,12801000
3169,2,12805000
3170,2,12809000
3171,2,12813000
3172,2,12817000
3173,2,12821000
3174,2,12825000
3175,2,12829000
3176,2,12833000
3177,2,12837000
3178,2,12841000
3179,2,12844000
3180,2,12848000
3181,2,12852000
3182,2,12856000
3183,2,12860000
3184,2,12864000
3185,2,12868000
3186,2,12872000
3187,2,12876000
3188,2,12881000
3189,2,12885000
3190,2,12889000
3191,2,12893000
3192,2,12897000
3193,2,12901000
3194,2,12905000
3195,2,12909000
3196,2,12913000
3197,2,12917000
3198,2,12921000
3199,2,12925000
3200,2,12929000
3201,2,12933000
3202,2,12937000
3203,2,12941000
3204,2,12945000
3205,2,12949000
3206,2,12953000
3207,2,12957000
3208,2,12961000
3209,2,12965000
3210,2,12969000
3211,2,12973000
3212,2,12977000
3213,2,12981000
3214,2,12985000
3215,2,12989000
3216,2,12993000
3217,2,12997000
3218,2,13001000
3219,2,13005000
3220,2,13009000
3221,2,13012000
3222,2,13016000
3223,2,13020000
3224,2,13024000
3225,2,13028000
3226,2,13032000
3227,2,13036000
3228,2,13040000
3229,2,13045000
3230,2,13049000
3231,2,13053000
3232,2,13057000
3233,2,13061000
3234,2,13065000
3235,2,13069000
3236,2,13073000
3237,2,13077000
3238,2,13081000
3239,2,13085000
3240,2,13089000
3241,2,13093000
3242,2,13097000
3243,2,13101000
3244,2,13105000
3245,2,13109000
3246,2,13112000
3247,2,13116000
3248,2,13120000
3249,2,13124000
3250,2,13128000
3251,2,13132000
3252,2,13136000
3253,2,13140000
3254,2,13145000
3255,2,13149000
3256,2,13153000
3257,2,13157000
3258,2,13161000
3259,2,13165000
3260,2,13169000
3261,2,13173000
3262,2,13177000
3263,2,13181000
3264,2,13185000
3265,2,13189000
3266,2,13193000
3267,2,13197000
3268,2,13201000
3269,2,13205000
3270,2,13209000
3271,2,13212000
3272,2,13216000
3273,2,13220000
3274,2,13224000
3275,2,13228000
3276,2,13232000
3277,2,13236000
3278,2,13240000
3279,2,13245000
3280,2,13249000
3281,2,13253000
3282,2,13257000
3283,2,13261000
3284,2,13265000
3285,2,13269000
3286,2,13273000
3287,2,13277000
3288,2,13280000
3289,2,13284000
3290,2,13288000
3291,2,13292000
3292,2,13296000
3293,2,13300000
3294,2,13304000
3295,2,13308000
3296,2,13313000
3297,2,13317000
3298,2,13321000
3299,2,13325000
3300,2,13329000
3301,2,13333000
3302,2,13337000
3303,2,13341000
3304,2,13345000
3305,2,13349000
3306,2,13353000
3307,2,13357000
3308,2,13361000
3309,2,13365000
3310,2,13369000
3311,2,13373000
3312,2,13377000
3313,2,13380000
3314,2,13384000
3315,2,13388000
3316,2,13392000
3317,2,13396000
3318,2,13400000
3319,2,13404000
3320,2,13408000
3321,2,13413000
3322,2,13417000
3323,2,13421000
3324,2,13425000
3325,2,13429000
3326,2,13433000
3327,2,13437000
3328,2,13441000
3329,2,13445000
3330,2,13449000
3331,2,13453000
3332,2,13457000
3333,2,13461000
3334,2,13465000
3335,2,13469000
3336,2,13473000
3337,2,13477000
3338,2,13480000
3339,2,13484000
3340,2,13488000
3341,2,13492000
3342,1,13496000
3343,1,13500000
3344,1,13504000
3345,2,13508000
3346,2,13513000
3347,2,13517000
3348,2,13521000
3349,2,13525000
3350,2,13529000
3351,2,13533000
3352,2,13537000
3353,2,13541000
3354,2,13545000
3355,2,13549000
3356,2,13553000
3357,2,13557000
3358,2,13561000
3359,2,13565000
3360,2,13569000
3361,2,13573000
3362,2,13577000
3363,2,13580000
3364,2,13584000
3365,2,13588000
3366,2,13592000
3367,2,13596000
3368,2,13600000
3369,2,13604000
3370,2,13608000
3371,2,13613000
3372,2,13617000
3373,2,13621000
3374,2,13625000
3375,2,13629000
3376,2,13633000
3377,2,13637000
3378,2,13641000
3379,2,13645000
3380,2,13648000
3381,2,13652000
3382,2,13656000
3383,2,13660000
3384,2,13664000
3385,2,13668000
3386,2,13672000
3387,2,13676000
3388,2,13681000
3389,2,13685000
3390,2,13689000
3391,2,13693000
3392,2,13697000
3393,2,13701000
3394,2,13705000
3395,2,13709000
3396,2,13713000
3397,2,13717000
3398,2,13721000
3399,2,13725000
3400,2,13729000
3401,2,13733000
3402,2,13737000
3403,2,13741000
3404,2,13745000
3405,2,13748000
3406,2,13752000
3407,2,13756000
3408,2,13760000
3409,2,13764000
3410,2,13768000
3411,2,13772000
3412,2,13776000
3413,2,13781000
3414,2,13785000
3415,2,13789000
3416,2,13793000
3417,1,13797000
3418,1,13801000
3419,1,13805000
3420,0,13809000
3421,2,13813000
3422,2,13817000
3423,2,13821000
3424,0,13825000
3425,0,13829000
3426,0,13833000
3427,0,13837000
3428,0,13841000
3429,0,13845000
3430,0,13848000
3431,0,13852000
3432,0,13856000
3433,0,13860000
3434,0,13864000
3435,0,13868000
3436,0,13872000
3437,0,13876000
3438,0,13881000
3439,0,13885000
3440,0,13889000
3441,0,13893000
3442,0,13897000
3443,0,13901000
3444,0,13905000
3445,0,13909000
3446,0,13912000
3447,0,13916000
3448,0,13920000
3449,0,13924000
3450,0,13928000
3451,0,13932000
3452,0,13936000
3453,0,13940000
3454,0,13944000
3455,0,13948000
3456,0,13952000
3457,0,13956000
3458,0,13960000
3459,0,13964000
3460,0,13968000
3461,0,13972000
3462,0,13976000
3463,0,13981000
3464,0,13985000
3465,0,13989000
3466,0,13993000
3467,0,13997000
3468,0,14001000
3469,0,14005000
3470,0,14009000
3471,0,14012000
3472,0,14016000
3473,0,14020000
3474,0,14024000
3475,0,14028000
3476,0,14032000
3477,0,14036000
3478,0,14040000
3479,1,14044000
3480,0,14049000
3481,0,14053000
3482,0,14057000
3483,0,14061000
3484,0,14065000
3485,0,14069000
3486,0,14073000
3487,0,14077000
3488,0,14081000
3489,0,14085000
3490,0,14089000
3491,0,14093000
3492,0,14097000
3493,0,14101000
3494,0,14105000
3495,0,14109000
3496,0,14113000
3497,0,14116000
3498,0,14120000
3499,0,14124000
3500,0,14128000
3501,0,14132000
3502,0,14136000
3503,0,14140000
3504,0,14144000
3505,0,14149000
3506,0,14153000
3507,0,14157000
3508,0,14161000
3509,0,14165000
3510,0,14169000
3511,0,14173000
3512,0,14177000
3513,0,14180000
3514,0,14184000
3515,0,14188000
3516,0,14192000
3517,0,14196000
3518,0,14200000
3519,0,14204000
3520,0,14208000
3521,0,14212000
3522,0,14216000
3523,0,14220000
3524,0,14224000
3525,0,14228000
3526,0,14232000
3527,0,14236000
3528,0,14240000
3529,0,14244000
3530,0,14249000
3531,0,14253000
3532,0,14257000
3533,0,14261000
3534,0,14265000
3535,0,14269000
3536,0,14273000
3537,0,14277000
3538,0,14280000
3539,0,14284000
3540,0,14288000
3541,0,14292000
3542,0,14296000
3543,0,14300000
3544,0,14304000
3545,0,14308000
3546,0,14313000
3547,0,14317000
3548,0,14321000
3549,0,14325000
3550,0,14329000
3551,0,14333000
3552,0,14337000
3553,0,14341000
3554,0,14345000
3555,0,14349000
3556,0,14353000
3557,0,14357000
3558,0,14361000
3559,0,14365000
3560,0,14369000
3561,0,14373000
3562,0,14377000
3563,0,14380000
3564,0,14384000
3565,0,14388000
3566,0,14392000
3567,0,14396000
3568,0,14400000
3569,0,14404000
3570,1,14408000
3571,1,14413000
3572,0,14417000
3573,0,14421000
3574,0,14425000
3575,0,14429000
3576,0,14433000
3577,0,14437000
3578,0,14441000
3579,0,14445000
3580,0,14448000
3581,0,14452000
3582,0,14456000
3583,0,14460000
3584,0,14464000
3585,0,14468000
3586,0,14472000
3587,0,14476000
3588,0,14480000
3589,0,14484000
3590,0,14488000
3591,0,14492000
3592,0,14496000
3593,0,14500000
3594,0,14504000
3595,0,14508000
3596,0,14513000
3597,0,14517000
3598,0,14521000
3599,0,14525000
3600,0,14529000
3601,0,14533000
3602,0,14537000
3603,0,14541000
3604,0,14545000
3605,0,14548000
3606,0,14552000
3607,0,14556000
3608,0,14560000
3609,2,14564000
3610,2,14568000
3611,2,14572000
3612,2,14576000
3613,2,14580000
3614,2,14584000
3615,2,14588000
3616,2,14592000
3617,2,14596000
3618,2,14600000
3619,2,14604000
3620,2,14608000
3621,2,14613000
3622,2,14617000
3623,2,14621000
3624,2,14625000
3625,2,14629000
3626,2,14633000
3627,2,14637000
3628,2,14641000
3629,2,14645000
3630,2,14648000
3631,2,14652000
3632,2,14656000
3633,2,14660000
3634,2,14664000
3635,2,14668000
3636,2,14672000
3637,2,14676000
3638,2,14681000
3639,2,14685000
3640,2,14689000
3641,2,14693000
3642,2,14697000
3643,2,14701000
3644,2,14705000
3645,2,14709000
3646,2,14713000
3647,2,14717000
3648,2,14721000
3649,2,14725000
3650,2,14729000
3651,2,14733000
3652,2,14737000
3653,2,14741000
3654,0,14745000
3655,0,14748000
3656,0,14752000
3657,0,14756000
3658,0,14760000
3659,1,14764000
3660,1,14768000
3661,1,14772000
3662,1,14776000
3663,0,14781000
3664,0,14785000
3665,0,14789000
3666,0,14793000
3667,0,14797000
3668,0,14801000
3669,0,14805000
3670,0,14809000
3671,0,14813000
3672,0,14816000
3673,0,14820000
3674,0,14824000
3675,0,14828000
3676,0,14832000
3677,0,14836000
3678,0,14840000
3679,0,14844000
3680,0,14848000
3681,0,14852000
3682,0,14856000
3683,0,14860000
3684,0,14864000
3685,0,14868000
3686,0,14872000
3687,0,14876000
3688,0,14881000
3689,0,14885000
3690,0,14889000
3691,0,14893000
3692,0,14897000
3693,0,14901000
3694,0,14905000
3695,0,14909000
3696,0,14913000
3697,0,14916000
3698,0,14920000
3699,0,14924000
3700,0,14928000
3701,0,14932000
3702,0,14936000
3703,0,14940000
3704,0,14944000
3705,0,14948000
3706,0,14952000
3707,0,14956000
3708,0,14960000
3709,0,14964000
3710,0,14968000
3711,0,14972000
3712,0,14976000
3713,0,14981000
3714,0,14985000
3715,0,14989000
3716,0,14993000
3717,0,14997000
3718,0,15001000
3719,0,15005000
3720,0,15009000
3721,0,15013000
3722,0,15016000
3723,0,15020000
3724,0,15024000
3725,0,15028000
3726,0,15032000
3727,0,15036000
3728,0,15040000
3729,0,15044000
3730,0,15049000
3731,0,15053000
3732,0,15057000
3733,0,15061000
3734,0,15065000
3735,0,15069000
3736,0,15073000
3737,0,15077000
3738,0,15080000
3739,0,15084000
3740,0,15088000
3741,0,15092000
3742,0,15096000
3743,0,15100000
3744,0,15104000
3745,0,15108000
3746,0,15112000
3747,0,15116000
3748,0,15120000
3749,0,15124000
3750,0,15128000
3751,0,15132000
3752,0,15136000
3753,0,15140000
3754,0,15144000
3755,0,15149000
3756,0,15153000
3757,0,15157000
3758,1,15161000
3759,1,15165000
3760,1,15169000
3761,1,15173000
3762,1,15177000
3763,1,15180000
3764,0,15184000
3765,0,15188000
3766,0,15192000
3767,0,15196000
3768,0,15200000
3769,0,15204000
3770,0,15208000
3771,0,15212000
3772,0,15216000
3773,0,15220000
3774,0,15224000
3775,0,15228000
3776,0,15232000
3777,0,15236000
3778,0,15240000
3779,0,15244000
3780,0,15249000
3781,0,15253000
3782,0,15257000
3783,0,15261000
3784,0,15265000
3785,0,15269000
3786,0,15273000
3787,0,15277000
3788,0,15280000
3789,0,15284000
3790,0,15288000
3791,0,15292000
3792,0,15296000
3793,0,15300000
3794,0,15304000
3795,0,15308000
3796,0,15312000
3797,0,15316000
3798,0,15320000
3799,0,15324000
3800,0,15328000
3801,0,15332000
3802,0,15336000
3803,0,15340000
3804,0,15344000
3805,0,15348000
3806,0,15352000
3807,0,15356000
3808,0,15360000
3809,0,15364000
3810,0,15368000
3811,0,15372000
3812,0,15376000
3813,0,15380000
3814,0,15384000
3815,0,15388000
3816,0,15392000
3817,0,15396000
3818,0,15400000
3819,0,15404000
3820,0,15408000
3821,0,15412000
3822,0,15417000
3823,0,15421000
3824,0,15425000
3825,0,15429000
3826,0,15433000
3827,0,15437000
3828,0,15441000
3829,0,15445000
3830,0,15448000
3831,0,15452000
3832,0,15456000
3833,0,15460000
3834,0,15464000
3835,0,15468000
3836,0,15472000
3837,0,15476000
3838,0,15480000
3839,0,15484000
3840,0,15488000
3841,0,15492000
3842,0,15496000
3843,0,15500000
3844,0,15504000
3845,0,15508000
3846,0,15512000
3847,0,15517000
3848,0,15521000
3849,0,15525000
3850,0,15529000
3851,0,15533000
3852,1,15537000
3853,1,15541000
3854,1,15545000
3855,1,15548000
3856,0,15552000
3857,0,15556000
3858,0,15560000
3859,0,15564000
3860,0,15568000
3861,0,15572000
3862,0,15576000
3863,0,15580000
3864,0,15584000
3865,0,15588000
3866,0,15592000
3867,0,15596000
3868,0,15600000
3869,0,15604000
3870,0,15608000
3871,0,15612000
3872,0,15617000
3873,0,15621000
3874,0,15625000
3875,0,15629000
3876,0,15633000
3877,0,15637000
3878,0,15641000
3879,0,15645000
3880,0,15648000
3881,0,15652000
3882,0,15656000
3883,0,15660000
3884,0,15664000
3885,0,15668000
3886,0,15672000
3887,0,15676000
3888,0,15681000
3889,0,15685000
3890,0,15689000
3891,0,15693000
3892,0,15697000
3893,0,15701000
3894,0,15705000
3895,0,15709000
3896,0,15713000
3897,0,15716000
3898,0,15720000
3899,0,15724000
3900,0,15728000
3901,0,15732000
3902,0,15736000
3903,0,15740000
3904,0,15744000
3905,0,15748000
3906,0,15752000
3907,0,15756000
3908,0,15760000
3909,0,15764000
3910,0,15768000
3911,0,15772000
3912,0,15776000
3913,0,15781000
3914,0,15785000
3915,0,15789000
3916,0,15793000
3917,0,15797000
3918,0,15801000
3919,0,15805000
3920,0,15809000
3921,0,15813000
3922,0,15816000
3923,0,15820000
3924,0,15824000
3925,0,15828000
3926,0,15832000
3927,0,15836000
3928,0,15840000
3929,0,15844000
3930,0,15848000
3931,0,15852000
3932,0,15856000
3933,0,15860000
3934,0,15864000
3935,0,15868000
3936,0,15872000
3937,0,15876000
3938,0,15881000
3939,0,15885000
3940,0,15889000
3941,0,15893000
3942,0,15897000
3943,1,15901000
3944,1,15905000
3945,1,15909000
3946,0,15913000
3947,0,15916000
3948,0,15920000
3949,0,15924000
3950,0,15928000
3951,0,15932000
3952,0,15936000
3953,0,15940000
3954,0,15944000
3955,0,15948000
3956,0,15952000
3957,0,15956000
3958,0,15960000
3959,0,15964000
3960,0,15968000
3961,0,15972000
3962,0,15976000
3963,0,15981000
3964,0,15985000
3965,0,15989000
3966,0,15993000
3967,0,15997000
3968,0,16001000
3969,0,16005000
3970,0,16009000
3971,0,16013000
3972,0,16016000
3973,0,16020000
3974,0,16024000
3975,0,16028000
3976,0,16032000
3977,0,16036000
3978,0,16040000
3979,0,16044000
3980,0,16049000
3981,0,16053000
3982,0,16057000
3983,0,16061000
3984,0,16065000
3985,0,16069000
3986,0,16073000
3987,0,16077000
3988,0,16081000
3989,0,16084000
3990,0,16088000
3991,0,16092000
3992,0,16096000
3993,0,16100000
3994,0,16104000
3995,0,16108000
3996,0,16112000
3997,0,16116000
3998,0,16120000
3999,0,16124000
4000,0,16128000
4001,0,16132000
4002,0,16136000
4003,0,16140000
4004,0,16144000
4005,0,16149000
4006,0,16153000
4007,0,16157000
4008,0,16161000
4009,0,16165000
4010,0,16169000
4011,0,16173000
4012,0,16177000
4013,0,16181000
4014,0,16184000
4015,0,16188000
4016,0,16192000
4017,0,16196000
4018,0,16200000
4019,0,16204000
4020,0,16208000
4021,0,16212000
4022,0,16216000
4023,0,16220000
4024,0,16224000
4025,0,16228000
4026,0,16232000
4027,0,16236000
4028,0,16240000
4029,0,16244000
4030,0,16249000
4031,0,16253000
4032,0,16257000
4033,0,16261000
4034,0,16265000
4035,0,16269000
4036,0,16273000
4037,1,16277000
4038,1,16281000
4039,1,16284000
4040,1,16288000
4041,1,16292000
4042,1,16296000
4043,1,16300000
4044,1,16304000
4045,1,16308000
4046,1,16312000
4047,1,16316000
4048,0,16320000
4049,0,16324000
4050,0,16328000
4051,0,16332000
4052,0,16336000
4053,0,16340000
4054,0,16344000
4055,0,16348000
4056,0,16352000
4057,0,16356000
4058,0,16360000
4059,0,16364000
4060,0,16368000
4061,0,16372000
4062,0,16376000
4063,0,16380000
4064,0,16384000
4065,0,16388000
4066,0,16392000
4067,0,16396000
4068,0,16400000
4069,0,16404000
4070,0,16408000
4071,0,16412000
4072,0,16417000
4073,0,16421000
4074,0,16425000
4075,0,16429000
4076,0,16433000
4077,0,16437000
4078,0,16441000
4079,0,16445000
4080,0,16448000
4081,0,16452000
4082,0,16456000
4083,0,16460000
4084,0,16464000
4085,0,16468000
4086,0,16472000
4087,0,16476000
4088,0,16480000
4089,0,16484000
4090,0,16488000
4091,0,16492000
4092,0,16496000
4093,0,16500000
4094,0,16504000
4095,0,16508000
4096,0,16512000
4097,0,16517000
4098,0,16521000
4099,0,16525000
4100,0,16529000
4101,0,16533000
4102,0,16537000
4103,0,16541000
4104,0,16545000
4105,0,16548000
4106,0,16552000
4107,0,16556000
4108,0,16560000
4109,0,16564000
4110,0,16568000
4111,0,16572000
4112,0,16576000
4113,0,16580000
4114,0,16584000
4115,0,16588000
4116,0,16592000
4117,0,16596000
4118,0,16600000
4119,0,16604000
4120,0,16608000
4121,0,16612000
4122,0,16616000
4123,0,16620000
4124,0,16624000
4125,0,16628000
4126,0,16632000
4127,0,16636000
4128,0,16640000
4129,0,16644000
4130,0,16648000
4131,0,16652000
4132,0,16656000
4133,0,16660000
4134,0,16664000
4135,0,16668000
4136,0,16672000
4137,0,16676000
4138,0,16680000
4139,0,16685000
4140,0,16689000
4141,0,16693000
4142,0,16697000
4143,0,16701000
4144,0,16705000
4145,1,16709000
4146,1,16713000
4147,1,16716000
4148,1,16720000
4149,1,16724000
4150,1,16728000
4151,1,16732000
4152,0,16736000
4153,0,16740000
4154,0,16744000
4155,0,16748000
4156,0,16752000
4157,0,16756000
4158,0,16760000
4159,0,16764000
4160,0,16768000
4161,0,16772000
4162,0,16776000
4163,0,16780000
4164,0,16785000
4165,0,16789000
4166,0,16793000
4167,0,16797000
4168,0,16801000
4169,0,16805000
4170,0,16809000
4171,0,16813000
4172,0,16816000
4173,0,16820000
4174,0,16824000
4175,0,16828000
4176,0,16832000
4177,0,16836000
4178,0,16840000
4179,0,16844000
4180,0,16848000
4181,0,16852000
4182,0,16856000
4183,0,16860000
4184,0,16864000
4185,0,16868000
4186,0,16872000
4187,0,16876000
4188,0,16880000
4189,0,16885000
4190,0,16889000
4191,0,16893000
4192,0,16897000
4193,0,16901000
4194,0,16905000
4195,0,16909000
4196,0,16913000
4197,0,16916000
4198,0,16920000
4199,0,16924000
4200,0,16928000
4201,0,16932000
4202,0,16936000
4203,0,16940000
4204,0,16944000
4205,0,16948000
4206,0,16952000
4207,0,16956000
4208,0,16960000
4209,0,16964000
4210,0,16968000
4211,0,16972000
4212,0,16976000
4213,0,16980000
4214,0,16984000
4215,0,16988000
4216,0,16992000
4217,0,16996000
4218,0,17000000
4219,0,17004000
4220,0,17008000
4221,0,17012000
4222,0,17016000
4223,0,17020000
4224,0,17024000
4225,0,17028000
4226,0,17032000
4227,0,17036000
4228,0,17040000
4229,0,17044000
4230,0,17049000
4231,0,17053000
4232,0,17057000
4233,0,17061000
4234,0,17065000
4235,0,17069000
4236,0,17073000
4237,0,17077000
4238,0,17081000
4239,0,17084000
4240,0,17088000
4241,0,17092000
4242,0,17096000
4243,0,17100000
4244,0,17104000
4245,0,17108000
4246,0,17112000
4247,0,17116000
4248,0,17120000
4249,0,17124000
4250,0,17128000
4251,0,17132000
4252,0,17136000
4253,0,17140000
4254,0,17144000
4255,0,17149000
4256,0,17153000
4257,0,17157000
4258,0,17161000
4259,0,17165000
4260,0,17169000
4261,0,17173000
4262,0,17177000
4263,0,17181000
4264,0,17184000
4265,0,17188000
4266,1,17192000
4267,1,17196000
4268,1,17200000
4269,1,17204000
4270,0,17208000
4271,0,17212000
4272,0,17216000
4273,0,17220000
4274,0,17224000
4275,0,17228000
4276,0,17232000
4277,0,17236000
4278,0,17240000
4279,0,17244000
4280,0,17248000
4281,0,17252000
4282,0,17256000
4283,0,17260000
4284,0,17264000
4285,0,17268000
4286,0,17272000
4287,0,17276000
4288,0,17280000
4289,0,17284000
4290,0,17288000
4291,0,17292000
4292,0,17296000
4293,0,17300000
4294,0,17304000
4295,0,17308000
4296,0,17312000
4297,0,17316000
4298,0,17320000
4299,0,17324000
4300,0,17328000
4301,0,17332000
4302,0,17336000
4303,0,17340000
4304,0,17344000
4305,0,17348000
4306,0,17352000
4307,0,17356000
4308,0,17360000
4309,0,17364000
4310,0,17368000
4311,0,17372000
4312,0,17376000
4313,0,17380000
4314,0,17384000
4315,0,17388000
4316,0,17392000
4317,0,17396000
4318,0,17400000
4319,0,17404000
4320,0,17408000
4321,0,17412000
4322,0,17417000
4323,0,17421000
4324,0,17425000
4325,0,17429000
4326,0,17433000
4327,0,17437000
4328,0,17441000
4329,0,17445000
4330,0,17449000
4331,0,17452000
4332,0,17456000
4333,0,17460000
4334,0,17464000
4335,0,17468000
4336,0,17472000
4337,0,17476000
4338,0,17480000
4339,0,17484000
4340,0,17488000
4341,0,17492000
4342,0,17496000
4343,0,17500000
4344,0,17504000
4345,0,17508000
4346,0,17512000
4347,0,17516000
4348,0,17520000
4349,0,17524000
4350,0,17528000
4351,0,17532000
4352,0,17536000
4353,0,17540000
4354,0,17544000
4355,0,17548000
4356,0,17552000
4357,0,17556000
4358,0,17560000
4359,0,17564000
4360,0,17568000
4361,0,17572000
4362,0,17576000
4363,0,17580000
4364,0,17584000
4365,0,17588000
4366,1,17592000
4367,1,17596000
4368,1,17600000
4369,1,17604000
4370,1,17608000
4371,1,17612000
4372,1,17616000
4373,1,17620000
4374,0,17624000
4375,0,17628000
4376,0,17632000
4377,0,17636000
4378,0,17640000
4379,0,17644000
4380,0,17648000
4381,0,17652000
4382,0,17656000
4383,0,17660000
4384,0,17664000
4385,0,17668000
4386,0,17672000
4387,0,17676000
4388,0,17680000
4389,0,17684000
4390,0,17688000
4391,0,17692000
4392,0,17696000
4393,0,17700000
4394,0,17704000
4395,0,17708000
4396,0,17712000
4397,0,17716000
4398,0,17720000
4399,0,17724000
4400,0,17728000
4401,0,17732000
4402,0,17736000
4403,0,17740000
4404,0,17744000
4405,0,17748000
4406,0,17752000
4407,0,17756000
4408,0,17760000
4409,0,17764000
4410,0,17768000
4411,0,17772000
4412,0,17776000
4413,0,17780000
4414,0,17784000
4415,0,17788000
4416,0,17792000
4417,0,17796000
4418,0,17800000
4419,0,17804000
4420,0,17808000
4421,0,17812000
4422,0,17816000
4423,0,17820000
4424,0,17824000
4425,0,17828000
4426,0,17832000
4427,0,17836000
4428,0,17840000
4429,0,17844000
4430,0,17848000
4431,0,17852000
4432,0,17856000
4433,0,17860000
4434,0,17864000
4435,0,17868000
4436,0,17872000
4437,0,17876000
4438,0,17880000
4439,0,17884000
4440,0,17888000
4441,0,17892000
4442,0,17896000
4443,0,17900000
4444,0,17904000
4445,0,17908000
4446,0,17912000
4447,0,17916000
4448,0,17920000
4449,0,17924000
4450,0,17928000
4451,0,17932000
4452,0,17936000
4453,0,17940000
4454,0,17944000
4455,0,17948000
4456,0,17952000
4457,0,17956000
4458,0,17960000
4459,0,17964000
4460,0,17968000
4461,0,17972000
4462,0,17976000
4463,0,17980000
4464,0,17984000
4465,0,17988000
4466,0,17992000
4467,0,17996000
4468,0,18000000
4469,0,18004000
4470,0,18008000
4471,0,18012000
4472,0,18016000
4473,0,18020000
4474,0,18024000
4475,0,18028000
4476,0,18032000
4477,0,18036000
4478,0,18040000
4479,0,18044000
4480,0,18048000
4481,0,18053000
4482,0,18057000
4483,0,18061000
4484,0,18065000
4485,0,18069000
4486,0,18073000
4487,0,18077000
4488,0,18081000
4489,0,18084000
4490,0,18088000
4491,0,18092000
4492,0,18096000
4493,0,18100000
4494,0,18104000
4495,0,18108000
4496,0,18112000
4497,0,18116000
4498,0,18120000
4499,0,18124000
4500,0,18128000
4501,0,18132000
4502,0,18136000
4503,0,18140000
4504,1,18144000
4505,1,18148000
4506,1,18152000
4507,1,18156000
4508,1,18160000
4509,1,18164000
4510,1,18168000
4511,1,18172000
4512,0,18176000
4513,1,18180000
4514,1,18184000
4515,0,18188000
4516,0,18192000
4517,0,18196000
4518,0,18200000
4519,0,18204000
4520,0,18208000
4521,0,18212000
4522,0,18216000
4523,0,18220000
4524,0,18224000
4525,0,18228000
4526,0,18232000
4527,0,18236000
4528,0,18240000
4529,0,18244000
4530,0,18248000
4531,0,18252000
4532,0,18256000
4533,0,18260000
4534,0,18264000
4535,0,18268000
4536,0,18272000
4537,0,18276000
4538,0,18280000
4539,0,18284000
4540,0,18288000
4541,0,18292000
4542,0,18296000
4543,0,18300000
4544,0,18304000
4545,0,18308000
4546,0,18312000
4547,0,18316000
4548,0,18320000
4549,0,18324000
4550,0,18328000
4551,0,18332000
4552,0,18336000
4553,0,18340000
4554,0,18344000
4555,0,18348000
4556,0,18352000
4557,0,18356000
4558,0,18360000
4559,0,18364000
4560,0,18368000
4561,0,18372000
4562,0,18376000
4563,0,18380000
4564,0,18384000
4565,1,18388000
4566,1,18392000
4567,0,18396000
4568,0,18400000
4569,0,18404000
4570,0,18408000
4571,0,18412000
4572,0,18416000
4573,0,18420000
4574,0,18424000
4575,0,18428000
4576,0,18432000
4577,0,18436000
4578,0,18440000
4579,0,18444000
4580,0,18448000
4581,0,18452000
4582,0,18456000
4583,0,18460000
4584,0,18464000
4585,0,18468000
4586,0,18472000
4587,0,18476000
4588,0,18480000
4589,0,18484000
4590,0,18488000
4591,0,18492000
4592,0,18496000
4593,0,18500000
4594,0,18504000
4595,0,18508000
4596,0,18512000
4597,0,18516000
4598,0,18520000
4599,0,18524000
4600,0,18528000
4601,0,18532000
4602,0,18536000
4603,0,18540000
4604,0,18544000
4605,0,18548000
4606,0,18552000
4607,0,18556000
4608,0,18560000
4609,0,18564000
4610,0,18568000
4611,0,18572000
4612,0,18576000
4613,0,18580000
4614,0,18584000
4615,0,18588000
4616,0,18592000
4617,0,18596000
4618,0,18600000
4619,0,18604000
4620,0,18608000
4621,0,18612000
4622,0,18616000
4623,0,18620000
4624,0,18624000
4625,0,18628000
4626,0,18632000
4627,0,18636000
4628,0,18640000
4629,0,18644000
4630,0,18648000
4631,0,18652000
4632,0,18656000
4633,0,18660000
4634,0,18664000
4635,0,18668000
4636,0,18672000
4637,0,18676000
4638,0,18680000
4639,0,18684000
4640,0,18688000
4641,0,18692000
4642,0,18696000
4643,0,18700000
4644,0,18704000
4645,0,18708000
4646,0,18712000
4647,0,18716000
4648,1,18720000
4649,1,18724000
4650,1,18728000
4651,1,18732000
4652,0,18736000
4653,0,18740000
4654,0,18744000
4655,0,18748000
4656,0,18752000
4657,0,18756000
4658,0,18760000
4659,0,18764000
4660,0,18768000
4661,0,18772000
4662,0,18776000
4663,0,18780000
4664,0,18784000
4665,0,18788000
4666,0,18792000
4667,0,18796000
4668,0,18800000
4669,0,18804000
4670,0,18808000
4671,0,18812000
4672,0,18816000
4673,0,18820000
4674,0,18824000
4675,0,18828000
4676,0,18832000
4677,0,18836000
4678,0,18840000
4679,0,18844000
4680,0,18848000
4681,0,18852000
4682,0,18856000
4683,0,18860000
4684,0,18864000
4685,0,18868000
4686,0,18872000
4687,0,18876000
4688,0,18880000
4689,0,18884000
4690,0,18888000
4691,0,18892000
4692,0,18896000
4693,0,18900000
4694,0,18904000
4695,0,18908000
4696,0,18912000
4697,0,18916000
4698,0,18920000
4699,0,18924000
4700,0,18928000
4701,0,18932000
4702,0,18936000
4703,0,18940000
4704,0,18944000
4705,0,18948000
4706,0,18952000
4707,0,18956000
4708,0,18960000
4709,0,18964000
4710,0,18968000
4711,0,18972000
4712,0,18976000
4713,0,18980000
4714,0,18984000
4715,0,18988000
4716,0,18992000
4717,0,18996000
4718,0,19000000
4719,0,19004000
4720,0,19008000
4721,0,19012000
4722,0,19016000
4723,0,19020000
4724,0,19024000
4725,0,19028000
4726,0,19032000
4727,0,19036000
4728,0,19040000
4729,0,19044000
4730,0,19048000
4731,0,19051000
4732,0,19055000
4733,1,19059000
4734,1,19063000
4735,1,19067000
4736,1,19071000
4737,1,19075000
4738,1,19079000
4739,1,19084000
4740,0,19088000
4741,0,19092000
4742,0,19096000
4743,0,19100000
4744,0,19104000
4745,0,19108000
4746,0,19112000
4747,0,19116000
4748,0,19120000
4749,0,19124000
4750,0,19128000
4751,0,19132000
4752,0,19136000
4753,0,19140000
4754,0,19144000
4755,0,19148000
4756,0,19152000
4757,0,19156000
4758,0,19160000
4759,0,19164000
4760,0,19168000
4761,0,19172000
4762,0,19176000
4763,0,19180000
4764,0,19184000
4765,0,19188000
4766,0,19192000
4767,0,19196000
4768,0,19200000
4769,0,19204000
4770,0,19208000
4771,0,19212000
4772,0,19216000
4773,0,19220000
4774,0,19224000
4775,0,19228000
4776,0,19232000
4777,0,19236000
4778,0,19240000
4779,0,19244000
4780,0,19248000
4781,0,19252000
4782,0,19256000
4783,0,19260000
4784,0,19264000
4785,0,19268000
4786,0,19272000
4787,0,19276000
4788,0,19280000
4789,0,19284000
4790,0,19288000
4791,0,19292000
4792,2,19296000
4793,2,19300000
4794,2,19304000
4795,2,19308000
4796,2,19312000
4797,2,19316000
4798,2,19320000
4799,2,19324000
4800,2,19328000
4801,2,19332000
4802,2,19336000
4803,2,19340000
4804,2,19344000
4805,2,19348000
4806,2,19352000
4807,2,19356000
4808,2,19360000
4809,2,19364000
4810,2,19368000
4811,2,19372000
4812,2,19376000
4813,2,19380000
4814,2,19384000
4815,2,19388000
4816,2,19392000
4817,2,19396000
4818,2,19400000
4819,2,19404000
4820,2,19408000
4821,2,19412000
4822,2,19416000
4823,2,19420000
4824,2,19424000
4825,2,19428000
4826,2,19432000
4827,2,19436000
4828,2,19440000
4829,2,19444000
4830,2,19448000
4831,2,19452000
4832,2,19456000
4833,2,19460000
4834,2,19464000
4835,2,19468000
4836,2,19472000
4837,2,19476000
4838,2,19480000
4839,2,19484000
4840,2,19488000
4841,2,19492000
4842,2,19496000
4843,2,19500000
4844,2,19504000
4845,2,19508000
4846,2,19512000
4847,2,19516000
4848,2,19520000
4849,2,19524000
4850,2,19528000
4851,2,19532000
4852,2,19536000
4853,2,19540000
4854,2,19544000
4855,2,19548000
4856,2,19553000
4857,2,19557000
4858,2,19561000
4859,2,19565000
4860,2,19569000
4861,2,19573000
4862,2,19577000
4863,2,19581000
4864,2,19584000
4865,2,19588000
4866,2,19592000
4867,2,19596000
4868,2,19600000
4869,2,19604000
4870,2,19608000
4871,2,19612000
4872,2,19616000
4873,2,19621000
4874,2,19625000
4875,2,19629000
4876,2,19633000
4877,2,19637000
4878,2,19641000
4879,2,19645000
4880,2,19649000
4881,2,19653000
4882,2,19657000
4883,2,19661000
4884,2,19665000
4885,2,19669000
4886,2,19673000
4887,2,19677000
4888,2,19681000
4889,2,19685000
4890,2,19687000
4891,2,19691000
4892,2,19695000
4893,2,19699000
4894,2,19703000
4895,2,19707000
4896,2,19711000
4897,2,19715000
4898,2,19721000
4899,2,19725000
4900,2,19729000
4901,2,19733000
4902,1,19737000
4903,1,19741000
4904,1,19745000
4905,1,19749000
4906,2,19753000
4907,2,19757000
4908,2,19761000
4909,2,19765000
4910,2,19769000
4911,2,19773000
4912,2,19777000
4913,2,19781000
4914,2,19785000
4915,2,19789000
4916,2,19793000
4917,2,19797000
4918,2,19801000
4919,2,19805000
4920,2,19809000
4921,2,19813000
4922,2,19817000
4923,2,19821000
4924,2,19825000
4925,2,19829000
4926,2,19833000
4927,2,19837000
4928,2,19841000
4929,2,19845000
4930,2,19849000
4931,2,19853000
4932,2,19857000
4933,2,19861000
4934,2,19865000
4935,2,19869000
4936,2,19873000
4937,2,19877000
4938,2,19881000
4939,2,19885000
4940,0,19889000
4941,0,19893000
4942,0,19897000
4943,0,19901000
4944,0,19905000
4945,0,19909000
4946,0,19913000
4947,0,19917000
4948,0,19921000
4949,0,19925000
4950,0,19929000
4951,0,19933000
4952,0,19937000
4953,0,19941000
4954,0,19945000
4955,0,19949000
4956,0,19953000
4957,0,19957000
4958,0,19961000
4959,0,19965000
4960,0,19969000
